timestamp_unix,timestamp_iso,participant_full_id,counts_x_axis,counts_y_axis,counts_z_axis,vector_magnitude,missing_value_reason
1715126400000,2024-05-08T00:00:00Z,288-1-1-0,294,270,511,648,
1715126460000,2024-05-08T00:01:00Z,288-1-1-0,916,1277,1520,2186,
1715126520000,2024-05-08T00:02:00Z,288-1-1-0,0,97,71,120,
1715126580000,2024-05-08T00:03:00Z,288-1-1-0,71,351,530,639,
1715126640000,2024-05-08T00:04:00Z,288-1-1-0,712,820,501,1195,
1715126700000,2024-05-08T00:05:00Z,288-1-1-0,97,479,130,505,
1715126760000,2024-05-08T00:06:00Z,288-1-1-0,446,390,348,687,
1715126820000,2024-05-08T00:07:00Z,288-1-1-0,0,30,46,54,
1715126880000,2024-05-08T00:08:00Z,288-1-1-0,0,26,22,34,
1715126940000,2024-05-08T00:09:00Z,288-1-1-0,25,202,49,209,
1715127000000,2024-05-08T00:10:00Z,288-1-1-0,84,690,564,895,
1715127060000,2024-05-08T00:11:00Z,288-1-1-0,0,20,0,20,
1715127120000,2024-05-08T00:12:00Z,288-1-1-0,0,7,7,9,
1715127180000,2024-05-08T00:13:00Z,288-1-1-0,0,0,0,0,
1715127240000,2024-05-08T00:14:00Z,288-1-1-0,0,0,0,0,
1715127300000,2024-05-08T00:15:00Z,288-1-1-0,0,0,0,0,
1715127360000,2024-05-08T00:16:00Z,288-1-1-0,0,0,0,0,
1715127420000,2024-05-08T00:17:00Z,288-1-1-0,212,1194,858,1485,
1715127480000,2024-05-08T00:18:00Z,288-1-1-0,7,294,208,360,
1715127540000,2024-05-08T00:19:00Z,288-1-1-0,200,1484,1351,2016,
1715127600000,2024-05-08T00:20:00Z,288-1-1-0,224,626,640,922,
1715127660000,2024-05-08T00:21:00Z,288-1-1-0,0,59,28,65,
1715127720000,2024-05-08T00:22:00Z,288-1-1-0,77,416,405,585,
1715127780000,2024-05-08T00:23:00Z,288-1-1-0,0,43,0,43,
1715127840000,2024-05-08T00:24:00Z,288-1-1-0,72,280,265,392,
1715127900000,2024-05-08T00:25:00Z,288-1-1-0,45,178,104,211,
1715127960000,2024-05-08T00:26:00Z,288-1-1-0,0,10,0,10,
1715128020000,2024-05-08T00:27:00Z,288-1-1-0,86,140,149,221,
1715128080000,2024-05-08T00:28:00Z,288-1-1-0,52,88,183,209,
1715128140000,2024-05-08T00:29:00Z,288-1-1-0,44,5,141,147,
1715128200000,2024-05-08T00:30:00Z,288-1-1-0,49,328,421,535,
1715128260000,2024-05-08T00:31:00Z,288-1-1-0,338,825,1551,1788,
1715128320000,2024-05-08T00:32:00Z,288-1-1-0,217,571,1171,1320,
1715128380000,2024-05-08T00:33:00Z,288-1-1-0,0,0,0,0,
1715128440000,2024-05-08T00:34:00Z,288-1-1-0,3,73,13,74,
1715128500000,2024-05-08T00:35:00Z,288-1-1-0,0,220,11,220,
1715128560000,2024-05-08T00:36:00Z,288-1-1-0,0,69,12,70,
1715128620000,2024-05-08T00:37:00Z,288-1-1-0,4252,4681,4509,7766,
1715128680000,2024-05-08T00:38:00Z,288-1-1-0,2756,3005,3883,5630,
1715128740000,2024-05-08T00:39:00Z,288-1-1-0,918,934,1134,1732,
1715128800000,2024-05-08T00:40:00Z,288-1-1-0,731,824,1044,1517,
1715128860000,2024-05-08T00:41:00Z,288-1-1-0,532,470,203,738,
1715128920000,2024-05-08T00:42:00Z,288-1-1-0,748,949,810,1454,
1715128980000,2024-05-08T00:43:00Z,288-1-1-0,441,464,681,934,
1715129040000,2024-05-08T00:44:00Z,288-1-1-0,152,766,695,1045,
1715129100000,2024-05-08T00:45:00Z,288-1-1-0,1899,1816,2275,3475,
1715129160000,2024-05-08T00:46:00Z,288-1-1-0,1164,1569,1752,2624,
1715129220000,2024-05-08T00:47:00Z,288-1-1-0,1870,2543,3969,5071,
1715129280000,2024-05-08T00:48:00Z,288-1-1-0,1901,2537,3864,4998,
1715129340000,2024-05-08T00:49:00Z,288-1-1-0,4831,5032,3873,7978,
1715129400000,2024-05-08T00:50:00Z,288-1-1-0,2358,2257,3033,4455,
1715129460000,2024-05-08T00:51:00Z,288-1-1-0,2511,1714,1700,3483,
1715129520000,2024-05-08T00:52:00Z,288-1-1-0,3442,3401,3646,6058,
1715129580000,2024-05-08T00:53:00Z,288-1-1-0,2738,2240,1773,3956,
1715129640000,2024-05-08T00:54:00Z,288-1-1-0,3172,2993,2904,5239,
1715129700000,2024-05-08T00:55:00Z,288-1-1-0,3259,2435,2550,4801,
1715129760000,2024-05-08T00:56:00Z,288-1-1-0,1613,1344,2118,2982,
1715129820000,2024-05-08T00:57:00Z,288-1-1-0,2704,2375,4642,5873,
1715129880000,2024-05-08T00:58:00Z,288-1-1-0,3627,3913,4478,6965,
1715129940000,2024-05-08T00:59:00Z,288-1-1-0,2874,3112,3304,5372,
1715130000000,2024-05-08T01:00:00Z,288-1-1-0,2353,2051,2317,3887,
1715130060000,2024-05-08T01:01:00Z,288-1-1-0,2483,2371,3178,4678,
1715130120000,2024-05-08T01:02:00Z,288-1-1-0,330,771,979,1289,
1715130180000,2024-05-08T01:03:00Z,288-1-1-0,1406,1611,1492,2607,
1715130240000,2024-05-08T01:04:00Z,288-1-1-0,639,699,1252,1569,
1715130300000,2024-05-08T01:05:00Z,288-1-1-0,1482,1552,1718,2748,
1715130360000,2024-05-08T01:06:00Z,288-1-1-0,871,1084,1231,1857,
1715130420000,2024-05-08T01:07:00Z,288-1-1-0,449,358,502,762,
1715130480000,2024-05-08T01:08:00Z,288-1-1-0,1747,1286,2118,3031,
1715130540000,2024-05-08T01:09:00Z,288-1-1-0,1560,1143,882,2125,
1715130600000,2024-05-08T01:10:00Z,288-1-1-0,999,725,427,1306,
1715130660000,2024-05-08T01:11:00Z,288-1-1-0,919,819,984,1575,
1715130720000,2024-05-08T01:12:00Z,288-1-1-0,1738,2635,4528,5519,
1715130780000,2024-05-08T01:13:00Z,288-1-1-0,1632,1478,2308,3189,
1715130840000,2024-05-08T01:14:00Z,288-1-1-0,1747,1885,1093,2792,
1715130900000,2024-05-08T01:15:00Z,288-1-1-0,2008,2262,2671,4035,
1715130960000,2024-05-08T01:16:00Z,288-1-1-0,2276,1828,1942,3506,
1715131020000,2024-05-08T01:17:00Z,288-1-1-0,3057,2753,2939,5055,
1715131080000,2024-05-08T01:18:00Z,288-1-1-0,3034,2626,3468,5303,
1715131140000,2024-05-08T01:19:00Z,288-1-1-0,1154,1035,1362,2063,
1715131200000,2024-05-08T01:20:00Z,288-1-1-0,2285,1713,2383,3719,
1715131260000,2024-05-08T01:21:00Z,288-1-1-0,3198,3694,5045,7023,
1715131320000,2024-05-08T01:22:00Z,288-1-1-0,2057,1392,2237,3342,
1715131380000,2024-05-08T01:23:00Z,288-1-1-0,3434,2535,3018,5227,
1715131440000,2024-05-08T01:24:00Z,288-1-1-0,938,1854,2405,3178,
1715131500000,2024-05-08T01:25:00Z,288-1-1-0,1565,1442,746,2255,
1715131560000,2024-05-08T01:26:00Z,288-1-1-0,441,1434,638,1630,
1715131620000,2024-05-08T01:27:00Z,288-1-1-0,0,0,0,0,
1715131680000,2024-05-08T01:28:00Z,288-1-1-0,504,2186,1308,2596,
1715131740000,2024-05-08T01:29:00Z,288-1-1-0,1376,2729,3096,4350,
1715131800000,2024-05-08T01:30:00Z,288-1-1-0,287,596,1081,1267,
1715131860000,2024-05-08T01:31:00Z,288-1-1-0,1096,1060,2484,2914,
1715131920000,2024-05-08T01:32:00Z,288-1-1-0,916,1586,2685,3250,
1715131980000,2024-05-08T01:33:00Z,288-1-1-0,1285,2855,2588,4062,
1715132040000,2024-05-08T01:34:00Z,288-1-1-0,0,53,1,53,
1715132100000,2024-05-08T01:35:00Z,288-1-1-0,1019,2242,962,2643,
1715132160000,2024-05-08T01:36:00Z,288-1-1-0,471,1450,1180,1927,
1715132220000,2024-05-08T01:37:00Z,288-1-1-0,723,2904,1397,3302,
1715132280000,2024-05-08T01:38:00Z,288-1-1-0,577,1812,652,2010,
1715132340000,2024-05-08T01:39:00Z,288-1-1-0,15,926,4,926,
1715132400000,2024-05-08T01:40:00Z,288-1-1-0,75,438,25,445,
1715132460000,2024-05-08T01:41:00Z,288-1-1-0,0,0,0,0,
1715132520000,2024-05-08T01:42:00Z,288-1-1-0,183,1161,624,1330,
1715132580000,2024-05-08T01:43:00Z,288-1-1-0,0,60,7,60,
1715132640000,2024-05-08T01:44:00Z,288-1-1-0,216,808,347,905,
1715132700000,2024-05-08T01:45:00Z,288-1-1-0,13,153,128,199,
1715132760000,2024-05-08T01:46:00Z,288-1-1-0,233,699,188,760,
1715132820000,2024-05-08T01:47:00Z,288-1-1-0,0,0,0,0,
1715132880000,2024-05-08T01:48:00Z,288-1-1-0,121,410,521,673,
1715132940000,2024-05-08T01:49:00Z,288-1-1-0,199,1518,670,1671,
1715133000000,2024-05-08T01:50:00Z,288-1-1-0,169,1188,467,1287,
1715133060000,2024-05-08T01:51:00Z,288-1-1-0,732,1892,898,2218,
1715133120000,2024-05-08T01:52:00Z,288-1-1-0,378,1132,553,1315,
1715133180000,2024-05-08T01:53:00Z,288-1-1-0,22,45,31,58,
1715133240000,2024-05-08T01:54:00Z,288-1-1-0,235,858,494,1017,
1715133300000,2024-05-08T01:55:00Z,288-1-1-0,290,1154,465,1277,
1715133360000,2024-05-08T01:56:00Z,288-1-1-0,236,1165,158,1199,
1715133420000,2024-05-08T01:57:00Z,288-1-1-0,911,4111,1631,4515,
1715133480000,2024-05-08T01:58:00Z,288-1-1-0,0,304,0,304,
1715133540000,2024-05-08T01:59:00Z,288-1-1-0,74,1221,581,1354,
1715133600000,2024-05-08T02:00:00Z,288-1-1-0,64,652,404,769,
1715133660000,2024-05-08T02:01:00Z,288-1-1-0,121,315,141,365,
1715133720000,2024-05-08T02:02:00Z,288-1-1-0,202,387,227,492,
1715133780000,2024-05-08T02:03:00Z,288-1-1-0,1827,1911,2213,3447,
1715133840000,2024-05-08T02:04:00Z,288-1-1-0,1435,1973,1913,3100,
1715133900000,2024-05-08T02:05:00Z,288-1-1-0,65,79,254,273,
1715133960000,2024-05-08T02:06:00Z,288-1-1-0,101,113,462,486,
1715134020000,2024-05-08T02:07:00Z,288-1-1-0,46,42,14,63,
1715134080000,2024-05-08T02:08:00Z,288-1-1-0,8,34,101,106,
1715134140000,2024-05-08T02:09:00Z,288-1-1-0,0,0,28,28,
1715134200000,2024-05-08T02:10:00Z,288-1-1-0,11,37,93,100,
1715134260000,2024-05-08T02:11:00Z,288-1-1-0,72,30,656,660,
1715134320000,2024-05-08T02:12:00Z,288-1-1-0,685,632,916,1306,
1715134380000,2024-05-08T02:13:00Z,288-1-1-0,968,1367,1138,2025,
1715134440000,2024-05-08T02:14:00Z,288-1-1-0,1043,1293,988,1932,
1715134500000,2024-05-08T02:15:00Z,288-1-1-0,0,0,0,0,
1715134560000,2024-05-08T02:16:00Z,288-1-1-0,291,882,719,1174,
1715134620000,2024-05-08T02:17:00Z,288-1-1-0,10,0,7,12,
1715134680000,2024-05-08T02:18:00Z,288-1-1-0,34,33,50,68,
1715134740000,2024-05-08T02:19:00Z,288-1-1-0,35,0,4,35,
1715134800000,2024-05-08T02:20:00Z,288-1-1-0,17,0,140,141,
1715134860000,2024-05-08T02:21:00Z,288-1-1-0,1075,1224,1058,1942,
1715134920000,2024-05-08T02:22:00Z,288-1-1-0,2250,2251,2227,3884,
1715134980000,2024-05-08T02:23:00Z,288-1-1-0,74,543,1006,1145,
1715135040000,2024-05-08T02:24:00Z,288-1-1-0,282,448,246,583,
1715135100000,2024-05-08T02:25:00Z,288-1-1-0,607,438,812,1104,
1715135160000,2024-05-08T02:26:00Z,288-1-1-0,852,1875,1025,2300,
1715135220000,2024-05-08T02:27:00Z,288-1-1-0,17,820,127,829,
1715135280000,2024-05-08T02:28:00Z,288-1-1-0,0,24,38,44,
1715135340000,2024-05-08T02:29:00Z,288-1-1-0,467,496,748,1011,
1715135400000,2024-05-08T02:30:00Z,288-1-1-0,633,936,1187,1638,
1715135460000,2024-05-08T02:31:00Z,288-1-1-0,368,625,745,1039,
1715135520000,2024-05-08T02:32:00Z,288-1-1-0,344,483,502,776,
1715135580000,2024-05-08T02:33:00Z,288-1-1-0,30,165,39,172,
1715135640000,2024-05-08T02:34:00Z,288-1-1-0,0,0,0,0,
1715135700000,2024-05-08T02:35:00Z,288-1-1-0,0,0,0,0,
1715135760000,2024-05-08T02:36:00Z,288-1-1-0,173,242,84,309,
1715135820000,2024-05-08T02:37:00Z,288-1-1-0,861,959,1454,1942,
1715135880000,2024-05-08T02:38:00Z,288-1-1-0,447,261,242,571,
1715135940000,2024-05-08T02:39:00Z,288-1-1-0,467,353,270,644,
1715136000000,2024-05-08T02:40:00Z,288-1-1-0,242,154,209,354,
1715136060000,2024-05-08T02:41:00Z,288-1-1-0,1646,1136,1062,2264,
1715136120000,2024-05-08T02:42:00Z,288-1-1-0,292,145,80,335,
1715136180000,2024-05-08T02:43:00Z,288-1-1-0,762,1217,699,1596,
1715136240000,2024-05-08T02:44:00Z,288-1-1-0,94,327,94,352,
1715136300000,2024-05-08T02:45:00Z,288-1-1-0,215,825,1334,1583,
1715136360000,2024-05-08T02:46:00Z,288-1-1-0,93,125,64,168,
1715136420000,2024-05-08T02:47:00Z,288-1-1-0,13,5,0,13,
1715136480000,2024-05-08T02:48:00Z,288-1-1-0,96,621,745,974,
1715136540000,2024-05-08T02:49:00Z,288-1-1-0,958,1385,1179,2055,
1715136600000,2024-05-08T02:50:00Z,288-1-1-0,621,808,759,1270,
1715136660000,2024-05-08T02:51:00Z,288-1-1-0,198,142,120,271,
1715136720000,2024-05-08T02:52:00Z,288-1-1-0,773,1291,1514,2134,
1715136780000,2024-05-08T02:53:00Z,288-1-1-0,1838,2401,2690,4047,
1715136840000,2024-05-08T02:54:00Z,288-1-1-0,3501,3269,3019,5661,
1715136900000,2024-05-08T02:55:00Z,288-1-1-0,1348,1599,1808,2764,
1715136960000,2024-05-08T02:56:00Z,288-1-1-0,1716,1212,2051,2936,
1715137020000,2024-05-08T02:57:00Z,288-1-1-0,312,242,76,402,
1715137080000,2024-05-08T02:58:00Z,288-1-1-0,2104,1713,1459,3080,
1715137140000,2024-05-08T02:59:00Z,288-1-1-0,3931,3652,4468,6982,
1715137200000,2024-05-08T03:00:00Z,288-1-1-0,2968,2678,1999,4469,
1715137260000,2024-05-08T03:01:00Z,288-1-1-0,1651,2451,2716,4013,
1715137320000,2024-05-08T03:02:00Z,288-1-1-0,2050,2918,2269,4226,
1715137380000,2024-05-08T03:03:00Z,288-1-1-0,306,892,965,1349,
1715137440000,2024-05-08T03:04:00Z,288-1-1-0,0,226,43,230,
1715137500000,2024-05-08T03:05:00Z,288-1-1-0,34,133,98,168,
1715137560000,2024-05-08T03:06:00Z,288-1-1-0,301,694,226,789,
1715137620000,2024-05-08T03:07:00Z,288-1-1-0,0,2,0,2,
1715137680000,2024-05-08T03:08:00Z,288-1-1-0,204,408,217,505,
1715137740000,2024-05-08T03:09:00Z,288-1-1-0,62,324,76,338,
1715137800000,2024-05-08T03:10:00Z,288-1-1-0,46,350,83,362,
1715137860000,2024-05-08T03:11:00Z,288-1-1-0,8,326,144,356,
1715137920000,2024-05-08T03:12:00Z,288-1-1-0,0,91,21,93,
1715137980000,2024-05-08T03:13:00Z,288-1-1-0,180,699,175,742,
1715138040000,2024-05-08T03:14:00Z,288-1-1-0,331,398,36,518,
1715138100000,2024-05-08T03:15:00Z,288-1-1-0,59,160,18,171,
1715138160000,2024-05-08T03:16:00Z,288-1-1-0,256,565,481,784,
1715138220000,2024-05-08T03:17:00Z,288-1-1-0,585,1103,1082,1652,
1715138280000,2024-05-08T03:18:00Z,288-1-1-0,89,306,270,417,
1715138340000,2024-05-08T03:19:00Z,288-1-1-0,0,0,0,0,
1715138400000,2024-05-08T03:20:00Z,288-1-1-0,0,0,0,0,
1715138460000,2024-05-08T03:21:00Z,288-1-1-0,0,0,0,0,
1715138520000,2024-05-08T03:22:00Z,288-1-1-0,0,0,0,0,
1715138580000,2024-05-08T03:23:00Z,288-1-1-0,0,0,0,0,
1715138640000,2024-05-08T03:24:00Z,288-1-1-0,0,0,0,0,
1715138700000,2024-05-08T03:25:00Z,288-1-1-0,0,0,0,0,
1715138760000,2024-05-08T03:26:00Z,288-1-1-0,0,0,0,0,
1715138820000,2024-05-08T03:27:00Z,288-1-1-0,0,0,0,0,
1715138880000,2024-05-08T03:28:00Z,288-1-1-0,0,0,0,0,
1715138940000,2024-05-08T03:29:00Z,288-1-1-0,0,0,0,0,
1715139000000,2024-05-08T03:30:00Z,288-1-1-0,0,0,0,0,
1715139060000,2024-05-08T03:31:00Z,288-1-1-0,0,0,0,0,
1715139120000,2024-05-08T03:32:00Z,288-1-1-0,0,0,0,0,
1715139180000,2024-05-08T03:33:00Z,288-1-1-0,0,0,0,0,
1715139240000,2024-05-08T03:34:00Z,288-1-1-0,0,0,0,0,
1715139300000,2024-05-08T03:35:00Z,288-1-1-0,0,0,0,0,
1715139360000,2024-05-08T03:36:00Z,288-1-1-0,0,0,0,0,
1715139420000,2024-05-08T03:37:00Z,288-1-1-0,0,0,0,0,
1715139480000,2024-05-08T03:38:00Z,288-1-1-0,0,0,0,0,
1715139540000,2024-05-08T03:39:00Z,288-1-1-0,0,0,0,0,
1715139600000,2024-05-08T03:40:00Z,288-1-1-0,0,0,0,0,
1715139660000,2024-05-08T03:41:00Z,288-1-1-0,0,0,0,0,
1715139720000,2024-05-08T03:42:00Z,288-1-1-0,0,0,0,0,
1715139780000,2024-05-08T03:43:00Z,288-1-1-0,0,0,0,0,
1715139840000,2024-05-08T03:44:00Z,288-1-1-0,0,0,0,0,
1715139900000,2024-05-08T03:45:00Z,288-1-1-0,0,0,0,0,
1715139960000,2024-05-08T03:46:00Z,288-1-1-0,0,0,0,0,
1715140020000,2024-05-08T03:47:00Z,288-1-1-0,0,0,0,0,
1715140080000,2024-05-08T03:48:00Z,288-1-1-0,0,0,0,0,
1715140140000,2024-05-08T03:49:00Z,288-1-1-0,0,0,0,0,
1715140200000,2024-05-08T03:50:00Z,288-1-1-0,417,427,871,1055,
1715140260000,2024-05-08T03:51:00Z,288-1-1-0,0,0,0,0,
1715140320000,2024-05-08T03:52:00Z,288-1-1-0,93,98,451,470,
1715140380000,2024-05-08T03:53:00Z,288-1-1-0,0,0,0,0,
1715140440000,2024-05-08T03:54:00Z,288-1-1-0,0,0,0,0,
1715140500000,2024-05-08T03:55:00Z,288-1-1-0,0,0,0,0,
1715140560000,2024-05-08T03:56:00Z,288-1-1-0,0,0,0,0,
1715140620000,2024-05-08T03:57:00Z,288-1-1-0,0,0,0,0,
1715140680000,2024-05-08T03:58:00Z,288-1-1-0,0,0,0,0,
1715140740000,2024-05-08T03:59:00Z,288-1-1-0,0,0,0,0,
1715140800000,2024-05-08T04:00:00Z,288-1-1-0,0,0,0,0,
1715140860000,2024-05-08T04:01:00Z,288-1-1-0,211,405,460,648,
1715140920000,2024-05-08T04:02:00Z,288-1-1-0,406,254,664,818,
1715140980000,2024-05-08T04:03:00Z,288-1-1-0,0,0,0,0,
1715141040000,2024-05-08T04:04:00Z,288-1-1-0,0,0,0,0,
1715141100000,2024-05-08T04:05:00Z,288-1-1-0,0,0,0,0,
1715141160000,2024-05-08T04:06:00Z,288-1-1-0,0,0,0,0,
1715141220000,2024-05-08T04:07:00Z,288-1-1-0,0,0,0,0,
1715141280000,2024-05-08T04:08:00Z,288-1-1-0,0,0,0,0,
1715141340000,2024-05-08T04:09:00Z,288-1-1-0,0,0,0,0,
1715141400000,2024-05-08T04:10:00Z,288-1-1-0,0,0,0,0,
1715141460000,2024-05-08T04:11:00Z,288-1-1-0,0,0,0,0,
1715141520000,2024-05-08T04:12:00Z,288-1-1-0,0,0,0,0,
1715141580000,2024-05-08T04:13:00Z,288-1-1-0,0,0,0,0,
1715141640000,2024-05-08T04:14:00Z,288-1-1-0,0,0,0,0,
1715141700000,2024-05-08T04:15:00Z,288-1-1-0,0,0,0,0,
1715141760000,2024-05-08T04:16:00Z,288-1-1-0,0,0,0,0,
1715141820000,2024-05-08T04:17:00Z,288-1-1-0,0,0,0,0,
1715141880000,2024-05-08T04:18:00Z,288-1-1-0,0,0,0,0,
1715141940000,2024-05-08T04:19:00Z,288-1-1-0,0,0,0,0,
1715142000000,2024-05-08T04:20:00Z,288-1-1-0,0,0,0,0,
1715142060000,2024-05-08T04:21:00Z,288-1-1-0,0,0,0,0,
1715142120000,2024-05-08T04:22:00Z,288-1-1-0,0,0,0,0,
1715142180000,2024-05-08T04:23:00Z,288-1-1-0,0,0,0,0,
1715142240000,2024-05-08T04:24:00Z,288-1-1-0,0,0,0,0,
1715142300000,2024-05-08T04:25:00Z,288-1-1-0,0,0,0,0,
1715142360000,2024-05-08T04:26:00Z,288-1-1-0,0,0,0,0,
1715142420000,2024-05-08T04:27:00Z,288-1-1-0,0,0,0,0,
1715142480000,2024-05-08T04:28:00Z,288-1-1-0,0,0,0,0,
1715142540000,2024-05-08T04:29:00Z,288-1-1-0,0,0,0,0,
1715142600000,2024-05-08T04:30:00Z,288-1-1-0,0,0,0,0,
1715142660000,2024-05-08T04:31:00Z,288-1-1-0,0,0,0,0,
1715142720000,2024-05-08T04:32:00Z,288-1-1-0,0,0,0,0,
1715142780000,2024-05-08T04:33:00Z,288-1-1-0,0,0,0,0,
1715142840000,2024-05-08T04:34:00Z,288-1-1-0,0,0,0,0,
1715142900000,2024-05-08T04:35:00Z,288-1-1-0,0,0,0,0,
1715142960000,2024-05-08T04:36:00Z,288-1-1-0,0,0,0,0,
1715143020000,2024-05-08T04:37:00Z,288-1-1-0,0,0,0,0,
1715143080000,2024-05-08T04:38:00Z,288-1-1-0,0,0,0,0,
1715143140000,2024-05-08T04:39:00Z,288-1-1-0,0,0,0,0,
1715143200000,2024-05-08T04:40:00Z,288-1-1-0,0,0,0,0,
1715143260000,2024-05-08T04:41:00Z,288-1-1-0,0,0,0,0,
1715143320000,2024-05-08T04:42:00Z,288-1-1-0,0,0,0,0,
1715143380000,2024-05-08T04:43:00Z,288-1-1-0,0,0,0,0,
1715143440000,2024-05-08T04:44:00Z,288-1-1-0,0,0,0,0,
1715143500000,2024-05-08T04:45:00Z,288-1-1-0,0,0,0,0,
1715143560000,2024-05-08T04:46:00Z,288-1-1-0,0,0,0,0,
1715143620000,2024-05-08T04:47:00Z,288-1-1-0,0,0,0,0,
1715143680000,2024-05-08T04:48:00Z,288-1-1-0,0,0,0,0,
1715143740000,2024-05-08T04:49:00Z,288-1-1-0,0,0,0,0,
1715143800000,2024-05-08T04:50:00Z,288-1-1-0,0,0,0,0,
1715143860000,2024-05-08T04:51:00Z,288-1-1-0,0,0,0,0,
1715143920000,2024-05-08T04:52:00Z,288-1-1-0,0,0,0,0,
1715143980000,2024-05-08T04:53:00Z,288-1-1-0,0,0,0,0,
1715144040000,2024-05-08T04:54:00Z,288-1-1-0,0,0,0,0,
1715144100000,2024-05-08T04:55:00Z,288-1-1-0,0,0,0,0,
1715144160000,2024-05-08T04:56:00Z,288-1-1-0,0,0,0,0,
1715144220000,2024-05-08T04:57:00Z,288-1-1-0,0,0,0,0,
1715144280000,2024-05-08T04:58:00Z,288-1-1-0,0,0,0,0,
1715144340000,2024-05-08T04:59:00Z,288-1-1-0,514,454,836,1081,
1715144400000,2024-05-08T05:00:00Z,288-1-1-0,0,0,0,0,
1715144460000,2024-05-08T05:01:00Z,288-1-1-0,0,0,0,0,
1715144520000,2024-05-08T05:02:00Z,288-1-1-0,0,0,0,0,
1715144580000,2024-05-08T05:03:00Z,288-1-1-0,0,0,0,0,
1715144640000,2024-05-08T05:04:00Z,288-1-1-0,0,0,0,0,
1715144700000,2024-05-08T05:05:00Z,288-1-1-0,0,0,0,0,
1715144760000,2024-05-08T05:06:00Z,288-1-1-0,0,0,0,0,
1715144820000,2024-05-08T05:07:00Z,288-1-1-0,0,0,0,0,
1715144880000,2024-05-08T05:08:00Z,288-1-1-0,0,0,0,0,
1715144940000,2024-05-08T05:09:00Z,288-1-1-0,0,0,0,0,
1715145000000,2024-05-08T05:10:00Z,288-1-1-0,0,0,0,0,
1715145060000,2024-05-08T05:11:00Z,288-1-1-0,0,0,0,0,
1715145120000,2024-05-08T05:12:00Z,288-1-1-0,0,0,0,0,
1715145180000,2024-05-08T05:13:00Z,288-1-1-0,0,0,0,0,
1715145240000,2024-05-08T05:14:00Z,288-1-1-0,0,0,0,0,
1715145300000,2024-05-08T05:15:00Z,288-1-1-0,0,0,0,0,
1715145360000,2024-05-08T05:16:00Z,288-1-1-0,0,0,0,0,
1715145420000,2024-05-08T05:17:00Z,288-1-1-0,0,0,0,0,
1715145480000,2024-05-08T05:18:00Z,288-1-1-0,0,0,0,0,
1715145540000,2024-05-08T05:19:00Z,288-1-1-0,0,0,0,0,
1715145600000,2024-05-08T05:20:00Z,288-1-1-0,0,0,0,0,
1715145660000,2024-05-08T05:21:00Z,288-1-1-0,0,0,0,0,
1715145720000,2024-05-08T05:22:00Z,288-1-1-0,0,0,0,0,
1715145780000,2024-05-08T05:23:00Z,288-1-1-0,0,0,0,0,
1715145840000,2024-05-08T05:24:00Z,288-1-1-0,0,0,0,0,
1715145900000,2024-05-08T05:25:00Z,288-1-1-0,0,0,0,0,
1715145960000,2024-05-08T05:26:00Z,288-1-1-0,0,0,0,0,
1715146020000,2024-05-08T05:27:00Z,288-1-1-0,0,0,0,0,
1715146080000,2024-05-08T05:28:00Z,288-1-1-0,0,0,0,0,
1715146140000,2024-05-08T05:29:00Z,288-1-1-0,0,0,0,0,
1715146200000,2024-05-08T05:30:00Z,288-1-1-0,0,0,0,0,
1715146260000,2024-05-08T05:31:00Z,288-1-1-0,0,0,0,0,
1715146320000,2024-05-08T05:32:00Z,288-1-1-0,0,0,0,0,
1715146380000,2024-05-08T05:33:00Z,288-1-1-0,0,0,0,0,
1715146440000,2024-05-08T05:34:00Z,288-1-1-0,325,686,374,846,
1715146500000,2024-05-08T05:35:00Z,288-1-1-0,320,467,557,794,
1715146560000,2024-05-08T05:36:00Z,288-1-1-0,16,5,97,98,
1715146620000,2024-05-08T05:37:00Z,288-1-1-0,0,0,0,0,
1715146680000,2024-05-08T05:38:00Z,288-1-1-0,0,0,0,0,
1715146740000,2024-05-08T05:39:00Z,288-1-1-0,0,0,0,0,
1715146800000,2024-05-08T05:40:00Z,288-1-1-0,0,0,0,0,
1715146860000,2024-05-08T05:41:00Z,288-1-1-0,0,0,0,0,
1715146920000,2024-05-08T05:42:00Z,288-1-1-0,0,0,0,0,
1715146980000,2024-05-08T05:43:00Z,288-1-1-0,0,0,0,0,
1715147040000,2024-05-08T05:44:00Z,288-1-1-0,0,0,0,0,
1715147100000,2024-05-08T05:45:00Z,288-1-1-0,0,0,0,0,
1715147160000,2024-05-08T05:46:00Z,288-1-1-0,0,0,0,0,
1715147220000,2024-05-08T05:47:00Z,288-1-1-0,0,0,0,0,
1715147280000,2024-05-08T05:48:00Z,288-1-1-0,0,0,0,0,
1715147340000,2024-05-08T05:49:00Z,288-1-1-0,0,0,0,0,
1715147400000,2024-05-08T05:50:00Z,288-1-1-0,,,,,device_not_recording
1715147460000,2024-05-08T05:51:00Z,288-1-1-0,0,0,0,0,
1715147520000,2024-05-08T05:52:00Z,288-1-1-0,418,440,266,662,
1715147580000,2024-05-08T05:53:00Z,288-1-1-0,0,0,0,0,
1715147640000,2024-05-08T05:54:00Z,288-1-1-0,0,0,0,0,
1715147700000,2024-05-08T05:55:00Z,288-1-1-0,0,0,0,0,
1715147760000,2024-05-08T05:56:00Z,288-1-1-0,0,0,0,0,
1715147820000,2024-05-08T05:57:00Z,288-1-1-0,0,0,0,0,
1715147880000,2024-05-08T05:58:00Z,288-1-1-0,0,0,0,0,
1715147940000,2024-05-08T05:59:00Z,288-1-1-0,0,0,0,0,
1715148000000,2024-05-08T06:00:00Z,288-1-1-0,0,0,0,0,
1715148060000,2024-05-08T06:01:00Z,288-1-1-0,198,603,744,977,
1715148120000,2024-05-08T06:02:00Z,288-1-1-0,0,0,0,0,
1715148180000,2024-05-08T06:03:00Z,288-1-1-0,0,0,0,0,
1715148240000,2024-05-08T06:04:00Z,288-1-1-0,0,44,0,44,
1715148300000,2024-05-08T06:05:00Z,288-1-1-0,0,0,0,0,
1715148360000,2024-05-08T06:06:00Z,288-1-1-0,0,0,0,0,
1715148420000,2024-05-08T06:07:00Z,288-1-1-0,207,283,249,430,
1715148480000,2024-05-08T06:08:00Z,288-1-1-0,0,0,0,0,
1715148540000,2024-05-08T06:09:00Z,288-1-1-0,0,0,0,0,
1715148600000,2024-05-08T06:10:00Z,288-1-1-0,14,124,238,268,
1715148660000,2024-05-08T06:11:00Z,288-1-1-0,0,0,0,0,
1715148720000,2024-05-08T06:12:00Z,288-1-1-0,0,0,0,0,
1715148780000,2024-05-08T06:13:00Z,288-1-1-0,0,0,0,0,
1715148840000,2024-05-08T06:14:00Z,288-1-1-0,0,0,0,0,
1715148900000,2024-05-08T06:15:00Z,288-1-1-0,0,0,0,0,
1715148960000,2024-05-08T06:16:00Z,288-1-1-0,0,0,0,0,
1715149020000,2024-05-08T06:17:00Z,288-1-1-0,0,0,0,0,
1715149080000,2024-05-08T06:18:00Z,288-1-1-0,67,41,260,271,
1715149140000,2024-05-08T06:19:00Z,288-1-1-0,0,0,0,0,
1715149200000,2024-05-08T06:20:00Z,288-1-1-0,0,0,0,0,
1715149260000,2024-05-08T06:21:00Z,288-1-1-0,0,0,0,0,
1715149320000,2024-05-08T06:22:00Z,288-1-1-0,0,0,0,0,
1715149380000,2024-05-08T06:23:00Z,288-1-1-0,0,0,0,0,
1715149440000,2024-05-08T06:24:00Z,288-1-1-0,17,30,347,348,
1715149500000,2024-05-08T06:25:00Z,288-1-1-0,0,0,0,0,
1715149560000,2024-05-08T06:26:00Z,288-1-1-0,0,0,0,0,
1715149620000,2024-05-08T06:27:00Z,288-1-1-0,0,0,0,0,
1715149680000,2024-05-08T06:28:00Z,288-1-1-0,47,24,162,170,
1715149740000,2024-05-08T06:29:00Z,288-1-1-0,0,0,0,0,
1715149800000,2024-05-08T06:30:00Z,288-1-1-0,0,0,0,0,
1715149860000,2024-05-08T06:31:00Z,288-1-1-0,0,0,0,0,
1715149920000,2024-05-08T06:32:00Z,288-1-1-0,0,0,0,0,
1715149980000,2024-05-08T06:33:00Z,288-1-1-0,0,0,0,0,
1715150040000,2024-05-08T06:34:00Z,288-1-1-0,0,0,0,0,
1715150100000,2024-05-08T06:35:00Z,288-1-1-0,0,0,0,0,
1715150160000,2024-05-08T06:36:00Z,288-1-1-0,0,0,0,0,
1715150220000,2024-05-08T06:37:00Z,288-1-1-0,0,0,0,0,
1715150280000,2024-05-08T06:38:00Z,288-1-1-0,0,0,0,0,
1715150340000,2024-05-08T06:39:00Z,288-1-1-0,0,0,0,0,
1715150400000,2024-05-08T06:40:00Z,288-1-1-0,0,0,0,0,
1715150460000,2024-05-08T06:41:00Z,288-1-1-0,0,0,0,0,
1715150520000,2024-05-08T06:42:00Z,288-1-1-0,0,0,0,0,
1715150580000,2024-05-08T06:43:00Z,288-1-1-0,0,0,0,0,
1715150640000,2024-05-08T06:44:00Z,288-1-1-0,0,0,0,0,
1715150700000,2024-05-08T06:45:00Z,288-1-1-0,0,0,0,0,
1715150760000,2024-05-08T06:46:00Z,288-1-1-0,0,0,0,0,
1715150820000,2024-05-08T06:47:00Z,288-1-1-0,0,0,0,0,
1715150880000,2024-05-08T06:48:00Z,288-1-1-0,0,0,0,0,
1715150940000,2024-05-08T06:49:00Z,288-1-1-0,0,0,0,0,
1715151000000,2024-05-08T06:50:00Z,288-1-1-0,0,0,0,0,
1715151060000,2024-05-08T06:51:00Z,288-1-1-0,0,0,0,0,
1715151120000,2024-05-08T06:52:00Z,288-1-1-0,0,0,0,0,
1715151180000,2024-05-08T06:53:00Z,288-1-1-0,0,0,0,0,
1715151240000,2024-05-08T06:54:00Z,288-1-1-0,0,0,0,0,
1715151300000,2024-05-08T06:55:00Z,288-1-1-0,0,0,0,0,
1715151360000,2024-05-08T06:56:00Z,288-1-1-0,0,0,0,0,
1715151420000,2024-05-08T06:57:00Z,288-1-1-0,0,0,0,0,
1715151480000,2024-05-08T06:58:00Z,288-1-1-0,0,0,0,0,
1715151540000,2024-05-08T06:59:00Z,288-1-1-0,0,0,0,0,
1715151600000,2024-05-08T07:00:00Z,288-1-1-0,0,0,0,0,
1715151660000,2024-05-08T07:01:00Z,288-1-1-0,0,0,0,0,
1715151720000,2024-05-08T07:02:00Z,288-1-1-0,0,0,0,0,
1715151780000,2024-05-08T07:03:00Z,288-1-1-0,0,0,0,0,
1715151840000,2024-05-08T07:04:00Z,288-1-1-0,0,0,0,0,
1715151900000,2024-05-08T07:05:00Z,288-1-1-0,0,0,0,0,
1715151960000,2024-05-08T07:06:00Z,288-1-1-0,136,441,571,734,
1715152020000,2024-05-08T07:07:00Z,288-1-1-0,401,338,397,657,
1715152080000,2024-05-08T07:08:00Z,288-1-1-0,0,0,0,0,
1715152140000,2024-05-08T07:09:00Z,288-1-1-0,0,0,0,0,
1715152200000,2024-05-08T07:10:00Z,288-1-1-0,0,0,0,0,
1715152260000,2024-05-08T07:11:00Z,288-1-1-0,0,0,0,0,
1715152320000,2024-05-08T07:12:00Z,288-1-1-0,0,0,0,0,
1715152380000,2024-05-08T07:13:00Z,288-1-1-0,0,0,0,0,
1715152440000,2024-05-08T07:14:00Z,288-1-1-0,0,0,0,0,
1715152500000,2024-05-08T07:15:00Z,288-1-1-0,0,0,0,0,
1715152560000,2024-05-08T07:16:00Z,288-1-1-0,0,0,0,0,
1715152620000,2024-05-08T07:17:00Z,288-1-1-0,0,0,0,0,
1715152680000,2024-05-08T07:18:00Z,288-1-1-0,0,0,0,0,
1715152740000,2024-05-08T07:19:00Z,288-1-1-0,0,0,0,0,
1715152800000,2024-05-08T07:20:00Z,288-1-1-0,45,722,733,1029,
1715152860000,2024-05-08T07:21:00Z,288-1-1-0,0,0,0,0,
1715152920000,2024-05-08T07:22:00Z,288-1-1-0,0,0,0,0,
1715152980000,2024-05-08T07:23:00Z,288-1-1-0,0,0,0,0,
1715153040000,2024-05-08T07:24:00Z,288-1-1-0,0,0,0,0,
1715153100000,2024-05-08T07:25:00Z,288-1-1-0,0,0,0,0,
1715153160000,2024-05-08T07:26:00Z,288-1-1-0,0,0,0,0,
1715153220000,2024-05-08T07:27:00Z,288-1-1-0,0,0,0,0,
1715153280000,2024-05-08T07:28:00Z,288-1-1-0,0,0,0,0,
1715153340000,2024-05-08T07:29:00Z,288-1-1-0,0,0,0,0,
1715153400000,2024-05-08T07:30:00Z,288-1-1-0,0,0,0,0,
1715153460000,2024-05-08T07:31:00Z,288-1-1-0,0,0,0,0,
1715153520000,2024-05-08T07:32:00Z,288-1-1-0,0,0,0,0,
1715153580000,2024-05-08T07:33:00Z,288-1-1-0,0,0,0,0,
1715153640000,2024-05-08T07:34:00Z,288-1-1-0,0,0,0,0,
1715153700000,2024-05-08T07:35:00Z,288-1-1-0,0,0,0,0,
1715153760000,2024-05-08T07:36:00Z,288-1-1-0,0,0,0,0,
1715153820000,2024-05-08T07:37:00Z,288-1-1-0,0,0,0,0,
1715153880000,2024-05-08T07:38:00Z,288-1-1-0,0,0,0,0,
1715153940000,2024-05-08T07:39:00Z,288-1-1-0,0,0,0,0,
1715154000000,2024-05-08T07:40:00Z,288-1-1-0,149,444,605,765,
1715154060000,2024-05-08T07:41:00Z,288-1-1-0,0,0,42,42,
1715154120000,2024-05-08T07:42:00Z,288-1-1-0,0,0,0,0,
1715154180000,2024-05-08T07:43:00Z,288-1-1-0,0,0,0,0,
1715154240000,2024-05-08T07:44:00Z,288-1-1-0,181,893,425,1005,
1715154300000,2024-05-08T07:45:00Z,288-1-1-0,0,0,0,0,
1715154360000,2024-05-08T07:46:00Z,288-1-1-0,0,0,0,0,
1715154420000,2024-05-08T07:47:00Z,288-1-1-0,72,491,655,821,
1715154480000,2024-05-08T07:48:00Z,288-1-1-0,0,0,0,0,
1715154540000,2024-05-08T07:49:00Z,288-1-1-0,0,0,0,0,
1715154600000,2024-05-08T07:50:00Z,288-1-1-0,0,0,0,0,
1715154660000,2024-05-08T07:51:00Z,288-1-1-0,0,0,0,0,
1715154720000,2024-05-08T07:52:00Z,288-1-1-0,0,0,0,0,
1715154780000,2024-05-08T07:53:00Z,288-1-1-0,0,0,0,0,
1715154840000,2024-05-08T07:54:00Z,288-1-1-0,0,0,0,0,
1715154900000,2024-05-08T07:55:00Z,288-1-1-0,0,0,0,0,
1715154960000,2024-05-08T07:56:00Z,288-1-1-0,0,0,0,0,
1715155020000,2024-05-08T07:57:00Z,288-1-1-0,0,0,0,0,
1715155080000,2024-05-08T07:58:00Z,288-1-1-0,0,0,0,0,
1715155140000,2024-05-08T07:59:00Z,288-1-1-0,0,0,0,0,
1715155200000,2024-05-08T08:00:00Z,288-1-1-0,0,0,0,0,
1715155260000,2024-05-08T08:01:00Z,288-1-1-0,0,0,0,0,
1715155320000,2024-05-08T08:02:00Z,288-1-1-0,55,199,198,286,
1715155380000,2024-05-08T08:03:00Z,288-1-1-0,0,0,0,0,
1715155440000,2024-05-08T08:04:00Z,288-1-1-0,0,0,0,0,
1715155500000,2024-05-08T08:05:00Z,288-1-1-0,0,0,0,0,
1715155560000,2024-05-08T08:06:00Z,288-1-1-0,0,0,0,0,
1715155620000,2024-05-08T08:07:00Z,288-1-1-0,0,0,0,0,
1715155680000,2024-05-08T08:08:00Z,288-1-1-0,0,0,0,0,
1715155740000,2024-05-08T08:09:00Z,288-1-1-0,0,0,0,0,
1715155800000,2024-05-08T08:10:00Z,288-1-1-0,0,0,0,0,
1715155860000,2024-05-08T08:11:00Z,288-1-1-0,0,0,0,0,
1715155920000,2024-05-08T08:12:00Z,288-1-1-0,0,0,0,0,
1715155980000,2024-05-08T08:13:00Z,288-1-1-0,0,0,0,0,
1715156040000,2024-05-08T08:14:00Z,288-1-1-0,0,0,0,0,
1715156100000,2024-05-08T08:15:00Z,288-1-1-0,0,0,0,0,
1715156160000,2024-05-08T08:16:00Z,288-1-1-0,0,0,0,0,
1715156220000,2024-05-08T08:17:00Z,288-1-1-0,0,0,0,0,
1715156280000,2024-05-08T08:18:00Z,288-1-1-0,0,0,0,0,
1715156340000,2024-05-08T08:19:00Z,288-1-1-0,0,0,0,0,
1715156400000,2024-05-08T08:20:00Z,288-1-1-0,0,0,0,0,
1715156460000,2024-05-08T08:21:00Z,288-1-1-0,0,0,0,0,
1715156520000,2024-05-08T08:22:00Z,288-1-1-0,0,0,0,0,
1715156580000,2024-05-08T08:23:00Z,288-1-1-0,0,0,0,0,
1715156640000,2024-05-08T08:24:00Z,288-1-1-0,0,0,0,0,
1715156700000,2024-05-08T08:25:00Z,288-1-1-0,0,0,0,0,
1715156760000,2024-05-08T08:26:00Z,288-1-1-0,0,0,0,0,
1715156820000,2024-05-08T08:27:00Z,288-1-1-0,0,0,0,0,
1715156880000,2024-05-08T08:28:00Z,288-1-1-0,0,0,0,0,
1715156940000,2024-05-08T08:29:00Z,288-1-1-0,0,0,0,0,
1715157000000,2024-05-08T08:30:00Z,288-1-1-0,0,0,0,0,
1715157060000,2024-05-08T08:31:00Z,288-1-1-0,14,439,286,524,
1715157120000,2024-05-08T08:32:00Z,288-1-1-0,0,0,0,0,
1715157180000,2024-05-08T08:33:00Z,288-1-1-0,0,0,0,0,
1715157240000,2024-05-08T08:34:00Z,288-1-1-0,0,0,0,0,
1715157300000,2024-05-08T08:35:00Z,288-1-1-0,0,0,0,0,
1715157360000,2024-05-08T08:36:00Z,288-1-1-0,0,0,0,0,
1715157420000,2024-05-08T08:37:00Z,288-1-1-0,0,0,0,0,
1715157480000,2024-05-08T08:38:00Z,288-1-1-0,0,0,0,0,
1715157540000,2024-05-08T08:39:00Z,288-1-1-0,0,0,0,0,
1715157600000,2024-05-08T08:40:00Z,288-1-1-0,102,378,293,489,
1715157660000,2024-05-08T08:41:00Z,288-1-1-0,0,0,0,0,
1715157720000,2024-05-08T08:42:00Z,288-1-1-0,0,0,0,0,
1715157780000,2024-05-08T08:43:00Z,288-1-1-0,0,0,0,0,
1715157840000,2024-05-08T08:44:00Z,288-1-1-0,0,0,0,0,
1715157900000,2024-05-08T08:45:00Z,288-1-1-0,0,0,0,0,
1715157960000,2024-05-08T08:46:00Z,288-1-1-0,0,0,0,0,
1715158020000,2024-05-08T08:47:00Z,288-1-1-0,0,0,0,0,
1715158080000,2024-05-08T08:48:00Z,288-1-1-0,0,0,0,0,
1715158140000,2024-05-08T08:49:00Z,288-1-1-0,0,0,0,0,
1715158200000,2024-05-08T08:50:00Z,288-1-1-0,0,0,0,0,
1715158260000,2024-05-08T08:51:00Z,288-1-1-0,0,0,0,0,
1715158320000,2024-05-08T08:52:00Z,288-1-1-0,0,0,0,0,
1715158380000,2024-05-08T08:53:00Z,288-1-1-0,0,0,0,0,
1715158440000,2024-05-08T08:54:00Z,288-1-1-0,0,0,0,0,
1715158500000,2024-05-08T08:55:00Z,288-1-1-0,0,0,0,0,
1715158560000,2024-05-08T08:56:00Z,288-1-1-0,0,0,0,0,
1715158620000,2024-05-08T08:57:00Z,288-1-1-0,0,0,0,0,
1715158680000,2024-05-08T08:58:00Z,288-1-1-0,0,0,0,0,
1715158740000,2024-05-08T08:59:00Z,288-1-1-0,0,0,0,0,
1715158800000,2024-05-08T09:00:00Z,288-1-1-0,0,0,0,0,
1715158860000,2024-05-08T09:01:00Z,288-1-1-0,0,0,0,0,
1715158920000,2024-05-08T09:02:00Z,288-1-1-0,0,0,0,0,
1715158980000,2024-05-08T09:03:00Z,288-1-1-0,0,0,0,0,
1715159040000,2024-05-08T09:04:00Z,288-1-1-0,0,0,0,0,
1715159100000,2024-05-08T09:05:00Z,288-1-1-0,0,0,0,0,
1715159160000,2024-05-08T09:06:00Z,288-1-1-0,0,0,0,0,
1715159220000,2024-05-08T09:07:00Z,288-1-1-0,0,0,0,0,
1715159280000,2024-05-08T09:08:00Z,288-1-1-0,0,0,0,0,
1715159340000,2024-05-08T09:09:00Z,288-1-1-0,0,0,0,0,
1715159400000,2024-05-08T09:10:00Z,288-1-1-0,0,0,0,0,
1715159460000,2024-05-08T09:11:00Z,288-1-1-0,0,0,0,0,
1715159520000,2024-05-08T09:12:00Z,288-1-1-0,0,0,0,0,
1715159580000,2024-05-08T09:13:00Z,288-1-1-0,0,0,0,0,
1715159640000,2024-05-08T09:14:00Z,288-1-1-0,0,0,0,0,
1715159700000,2024-05-08T09:15:00Z,288-1-1-0,0,0,0,0,
1715159760000,2024-05-08T09:16:00Z,288-1-1-0,0,0,0,0,
1715159820000,2024-05-08T09:17:00Z,288-1-1-0,0,0,0,0,
1715159880000,2024-05-08T09:18:00Z,288-1-1-0,0,0,0,0,
1715159940000,2024-05-08T09:19:00Z,288-1-1-0,0,0,0,0,
1715160000000,2024-05-08T09:20:00Z,288-1-1-0,0,0,0,0,
1715160060000,2024-05-08T09:21:00Z,288-1-1-0,0,0,0,0,
1715160120000,2024-05-08T09:22:00Z,288-1-1-0,0,0,0,0,
1715160180000,2024-05-08T09:23:00Z,288-1-1-0,0,0,0,0,
1715160240000,2024-05-08T09:24:00Z,288-1-1-0,0,0,0,0,
1715160300000,2024-05-08T09:25:00Z,288-1-1-0,0,0,0,0,
1715160360000,2024-05-08T09:26:00Z,288-1-1-0,0,0,0,0,
1715160420000,2024-05-08T09:27:00Z,288-1-1-0,0,0,0,0,
1715160480000,2024-05-08T09:28:00Z,288-1-1-0,0,0,0,0,
1715160540000,2024-05-08T09:29:00Z,288-1-1-0,0,0,0,0,
1715160600000,2024-05-08T09:30:00Z,288-1-1-0,192,954,608,1147,
1715160660000,2024-05-08T09:31:00Z,288-1-1-0,0,0,0,0,
1715160720000,2024-05-08T09:32:00Z,288-1-1-0,0,0,0,0,
1715160780000,2024-05-08T09:33:00Z,288-1-1-0,0,0,0,0,
1715160840000,2024-05-08T09:34:00Z,288-1-1-0,34,222,39,227,
1715160900000,2024-05-08T09:35:00Z,288-1-1-0,0,0,0,0,
1715160960000,2024-05-08T09:36:00Z,288-1-1-0,0,0,0,0,
1715161020000,2024-05-08T09:37:00Z,288-1-1-0,0,0,0,0,
1715161080000,2024-05-08T09:38:00Z,288-1-1-0,0,0,0,0,
1715161140000,2024-05-08T09:39:00Z,288-1-1-0,221,832,473,982,
1715161200000,2024-05-08T09:40:00Z,288-1-1-0,0,0,0,0,
1715161260000,2024-05-08T09:41:00Z,288-1-1-0,0,0,0,0,
1715161320000,2024-05-08T09:42:00Z,288-1-1-0,0,0,0,0,
1715161380000,2024-05-08T09:43:00Z,288-1-1-0,0,0,0,0,
1715161440000,2024-05-08T09:44:00Z,288-1-1-0,0,0,0,0,
1715161500000,2024-05-08T09:45:00Z,288-1-1-0,0,0,0,0,
1715161560000,2024-05-08T09:46:00Z,288-1-1-0,0,0,0,0,
1715161620000,2024-05-08T09:47:00Z,288-1-1-0,0,0,0,0,
1715161680000,2024-05-08T09:48:00Z,288-1-1-0,0,0,0,0,
1715161740000,2024-05-08T09:49:00Z,288-1-1-0,0,0,0,0,
1715161800000,2024-05-08T09:50:00Z,288-1-1-0,0,0,0,0,
1715161860000,2024-05-08T09:51:00Z,288-1-1-0,0,0,0,0,
1715161920000,2024-05-08T09:52:00Z,288-1-1-0,0,0,0,0,
1715161980000,2024-05-08T09:53:00Z,288-1-1-0,0,0,0,0,
1715162040000,2024-05-08T09:54:00Z,288-1-1-0,0,0,0,0,
1715162100000,2024-05-08T09:55:00Z,288-1-1-0,0,0,0,0,
1715162160000,2024-05-08T09:56:00Z,288-1-1-0,0,0,0,0,
1715162220000,2024-05-08T09:57:00Z,288-1-1-0,0,0,0,0,
1715162280000,2024-05-08T09:58:00Z,288-1-1-0,0,0,0,0,
1715162340000,2024-05-08T09:59:00Z,288-1-1-0,0,0,0,0,
1715162400000,2024-05-08T10:00:00Z,288-1-1-0,0,0,0,0,
1715162460000,2024-05-08T10:01:00Z,288-1-1-0,0,0,0,0,
1715162520000,2024-05-08T10:02:00Z,288-1-1-0,0,0,0,0,
1715162580000,2024-05-08T10:03:00Z,288-1-1-0,0,0,0,0,
1715162640000,2024-05-08T10:04:00Z,288-1-1-0,0,0,0,0,
1715162700000,2024-05-08T10:05:00Z,288-1-1-0,0,0,0,0,
1715162760000,2024-05-08T10:06:00Z,288-1-1-0,0,0,0,0,
1715162820000,2024-05-08T10:07:00Z,288-1-1-0,0,0,0,0,
1715162880000,2024-05-08T10:08:00Z,288-1-1-0,0,0,0,0,
1715162940000,2024-05-08T10:09:00Z,288-1-1-0,0,0,0,0,
1715163000000,2024-05-08T10:10:00Z,288-1-1-0,0,0,0,0,
1715163060000,2024-05-08T10:11:00Z,288-1-1-0,0,0,0,0,
1715163120000,2024-05-08T10:12:00Z,288-1-1-0,0,0,0,0,
1715163180000,2024-05-08T10:13:00Z,288-1-1-0,0,0,0,0,
1715163240000,2024-05-08T10:14:00Z,288-1-1-0,0,0,0,0,
1715163300000,2024-05-08T10:15:00Z,288-1-1-0,0,0,0,0,
1715163360000,2024-05-08T10:16:00Z,288-1-1-0,398,716,1122,1389,
1715163420000,2024-05-08T10:17:00Z,288-1-1-0,0,0,0,0,
1715163480000,2024-05-08T10:18:00Z,288-1-1-0,0,0,0,0,
1715163540000,2024-05-08T10:19:00Z,288-1-1-0,0,0,0,0,
1715163600000,2024-05-08T10:20:00Z,288-1-1-0,0,0,0,0,
1715163660000,2024-05-08T10:21:00Z,288-1-1-0,0,0,0,0,
1715163720000,2024-05-08T10:22:00Z,288-1-1-0,0,0,0,0,
1715163780000,2024-05-08T10:23:00Z,288-1-1-0,0,0,0,0,
1715163840000,2024-05-08T10:24:00Z,288-1-1-0,613,1112,1283,1805,
1715163900000,2024-05-08T10:25:00Z,288-1-1-0,0,0,0,0,
1715163960000,2024-05-08T10:26:00Z,288-1-1-0,0,0,0,0,
1715164020000,2024-05-08T10:27:00Z,288-1-1-0,0,0,0,0,
1715164080000,2024-05-08T10:28:00Z,288-1-1-0,0,0,0,0,
1715164140000,2024-05-08T10:29:00Z,288-1-1-0,0,0,0,0,
1715164200000,2024-05-08T10:30:00Z,288-1-1-0,0,0,0,0,
1715164260000,2024-05-08T10:31:00Z,288-1-1-0,0,0,0,0,
1715164320000,2024-05-08T10:32:00Z,288-1-1-0,0,0,0,0,
1715164380000,2024-05-08T10:33:00Z,288-1-1-0,0,0,0,0,
1715164440000,2024-05-08T10:34:00Z,288-1-1-0,0,0,0,0,
1715164500000,2024-05-08T10:35:00Z,288-1-1-0,0,0,0,0,
1715164560000,2024-05-08T10:36:00Z,288-1-1-0,26,292,239,378,
1715164620000,2024-05-08T10:37:00Z,288-1-1-0,0,0,0,0,
1715164680000,2024-05-08T10:38:00Z,288-1-1-0,0,0,0,0,
1715164740000,2024-05-08T10:39:00Z,288-1-1-0,89,389,527,661,
1715164800000,2024-05-08T10:40:00Z,288-1-1-0,0,0,0,0,
1715164860000,2024-05-08T10:41:00Z,288-1-1-0,0,0,0,0,
1715164920000,2024-05-08T10:42:00Z,288-1-1-0,0,0,0,0,
1715164980000,2024-05-08T10:43:00Z,288-1-1-0,0,0,0,0,
1715165040000,2024-05-08T10:44:00Z,288-1-1-0,0,0,0,0,
1715165100000,2024-05-08T10:45:00Z,288-1-1-0,0,0,0,0,
1715165160000,2024-05-08T10:46:00Z,288-1-1-0,0,0,0,0,
1715165220000,2024-05-08T10:47:00Z,288-1-1-0,0,0,0,0,
1715165280000,2024-05-08T10:48:00Z,288-1-1-0,0,0,0,0,
1715165340000,2024-05-08T10:49:00Z,288-1-1-0,0,0,0,0,
1715165400000,2024-05-08T10:50:00Z,288-1-1-0,0,0,0,0,
1715165460000,2024-05-08T10:51:00Z,288-1-1-0,0,0,0,0,
1715165520000,2024-05-08T10:52:00Z,288-1-1-0,0,0,0,0,
1715165580000,2024-05-08T10:53:00Z,288-1-1-0,0,0,0,0,
1715165640000,2024-05-08T10:54:00Z,288-1-1-0,0,0,0,0,
1715165700000,2024-05-08T10:55:00Z,288-1-1-0,0,0,0,0,
1715165760000,2024-05-08T10:56:00Z,288-1-1-0,0,0,0,0,
1715165820000,2024-05-08T10:57:00Z,288-1-1-0,0,0,0,0,
1715165880000,2024-05-08T10:58:00Z,288-1-1-0,0,0,0,0,
1715165940000,2024-05-08T10:59:00Z,288-1-1-0,0,0,0,0,
1715166000000,2024-05-08T11:00:00Z,288-1-1-0,0,0,0,0,
1715166060000,2024-05-08T11:01:00Z,288-1-1-0,0,0,0,0,
1715166120000,2024-05-08T11:02:00Z,288-1-1-0,0,0,0,0,
1715166180000,2024-05-08T11:03:00Z,288-1-1-0,0,0,0,0,
1715166240000,2024-05-08T11:04:00Z,288-1-1-0,0,0,0,0,
1715166300000,2024-05-08T11:05:00Z,288-1-1-0,225,307,527,650,
1715166360000,2024-05-08T11:06:00Z,288-1-1-0,100,585,831,1021,
1715166420000,2024-05-08T11:07:00Z,288-1-1-0,848,692,851,1386,
1715166480000,2024-05-08T11:08:00Z,288-1-1-0,234,551,1021,1183,
1715166540000,2024-05-08T11:09:00Z,288-1-1-0,0,22,4,22,
1715166600000,2024-05-08T11:10:00Z,288-1-1-0,231,560,645,884,
1715166660000,2024-05-08T11:11:00Z,288-1-1-0,44,912,325,969,
1715166720000,2024-05-08T11:12:00Z,288-1-1-0,25,436,0,436,
1715166780000,2024-05-08T11:13:00Z,288-1-1-0,303,842,891,1262,
1715166840000,2024-05-08T11:14:00Z,288-1-1-0,0,67,63,91,
1715166900000,2024-05-08T11:15:00Z,288-1-1-0,44,266,163,315,
1715166960000,2024-05-08T11:16:00Z,288-1-1-0,0,0,0,0,
1715167020000,2024-05-08T11:17:00Z,288-1-1-0,0,18,0,18,
1715167080000,2024-05-08T11:18:00Z,288-1-1-0,95,705,450,841,
1715167140000,2024-05-08T11:19:00Z,288-1-1-0,19,137,124,185,
1715167200000,2024-05-08T11:20:00Z,288-1-1-0,585,728,956,1336,
1715167260000,2024-05-08T11:21:00Z,288-1-1-0,799,1213,501,1536,
1715167320000,2024-05-08T11:22:00Z,288-1-1-0,72,205,130,253,
1715167380000,2024-05-08T11:23:00Z,288-1-1-0,117,352,92,382,
1715167440000,2024-05-08T11:24:00Z,288-1-1-0,37,559,304,637,
1715167500000,2024-05-08T11:25:00Z,288-1-1-0,120,456,318,568,
1715167560000,2024-05-08T11:26:00Z,288-1-1-0,0,16,15,21,
1715167620000,2024-05-08T11:27:00Z,288-1-1-0,0,0,0,0,
1715167680000,2024-05-08T11:28:00Z,288-1-1-0,0,0,0,0,
1715167740000,2024-05-08T11:29:00Z,288-1-1-0,0,0,0,0,
1715167800000,2024-05-08T11:30:00Z,288-1-1-0,0,0,0,0,
1715167860000,2024-05-08T11:31:00Z,288-1-1-0,5,73,54,90,
1715167920000,2024-05-08T11:32:00Z,288-1-1-0,929,1970,1408,2593,
1715167980000,2024-05-08T11:33:00Z,288-1-1-0,256,1096,325,1171,
1715168040000,2024-05-08T11:34:00Z,288-1-1-0,0,0,0,0,
1715168100000,2024-05-08T11:35:00Z,288-1-1-0,0,0,0,0,
1715168160000,2024-05-08T11:36:00Z,288-1-1-0,0,0,0,0,
1715168220000,2024-05-08T11:37:00Z,288-1-1-0,0,0,0,0,
1715168280000,2024-05-08T11:38:00Z,288-1-1-0,0,0,0,0,
1715168340000,2024-05-08T11:39:00Z,288-1-1-0,0,0,0,0,
1715168400000,2024-05-08T11:40:00Z,288-1-1-0,0,0,0,0,
1715168460000,2024-05-08T11:41:00Z,288-1-1-0,0,0,0,0,
1715168520000,2024-05-08T11:42:00Z,288-1-1-0,0,0,0,0,
1715168580000,2024-05-08T11:43:00Z,288-1-1-0,0,0,0,0,
1715168640000,2024-05-08T11:44:00Z,288-1-1-0,0,0,0,0,
1715168700000,2024-05-08T11:45:00Z,288-1-1-0,0,0,0,0,
1715168760000,2024-05-08T11:46:00Z,288-1-1-0,0,0,0,0,
1715168820000,2024-05-08T11:47:00Z,288-1-1-0,0,0,0,0,
1715168880000,2024-05-08T11:48:00Z,288-1-1-0,0,0,0,0,
1715168940000,2024-05-08T11:49:00Z,288-1-1-0,0,0,0,0,
1715169000000,2024-05-08T11:50:00Z,288-1-1-0,0,0,0,0,
1715169060000,2024-05-08T11:51:00Z,288-1-1-0,0,0,0,0,
1715169120000,2024-05-08T11:52:00Z,288-1-1-0,0,0,0,0,
1715169180000,2024-05-08T11:53:00Z,288-1-1-0,0,0,0,0,
1715169240000,2024-05-08T11:54:00Z,288-1-1-0,0,0,0,0,
1715169300000,2024-05-08T11:55:00Z,288-1-1-0,0,0,0,0,
1715169360000,2024-05-08T11:56:00Z,288-1-1-0,0,0,0,0,
1715169420000,2024-05-08T11:57:00Z,288-1-1-0,0,0,0,0,
1715169480000,2024-05-08T11:58:00Z,288-1-1-0,0,0,0,0,
1715169540000,2024-05-08T11:59:00Z,288-1-1-0,0,0,0,0,
1715169600000,2024-05-08T12:00:00Z,288-1-1-0,0,0,0,0,
1715169660000,2024-05-08T12:01:00Z,288-1-1-0,0,0,0,0,
1715169720000,2024-05-08T12:02:00Z,288-1-1-0,0,0,0,0,
1715169780000,2024-05-08T12:03:00Z,288-1-1-0,0,0,0,0,
1715169840000,2024-05-08T12:04:00Z,288-1-1-0,0,0,0,0,
1715169900000,2024-05-08T12:05:00Z,288-1-1-0,0,0,0,0,
1715169960000,2024-05-08T12:06:00Z,288-1-1-0,0,0,0,0,
1715170020000,2024-05-08T12:07:00Z,288-1-1-0,0,0,0,0,
1715170080000,2024-05-08T12:08:00Z,288-1-1-0,0,0,0,0,
1715170140000,2024-05-08T12:09:00Z,288-1-1-0,0,0,0,0,
1715170200000,2024-05-08T12:10:00Z,288-1-1-0,0,0,0,0,
1715170260000,2024-05-08T12:11:00Z,288-1-1-0,0,0,0,0,
1715170320000,2024-05-08T12:12:00Z,288-1-1-0,34,448,396,598,
1715170380000,2024-05-08T12:13:00Z,288-1-1-0,0,0,0,0,
1715170440000,2024-05-08T12:14:00Z,288-1-1-0,0,0,0,0,
1715170500000,2024-05-08T12:15:00Z,288-1-1-0,0,0,0,0,
1715170560000,2024-05-08T12:16:00Z,288-1-1-0,0,0,0,0,
1715170620000,2024-05-08T12:17:00Z,288-1-1-0,0,0,0,0,
1715170680000,2024-05-08T12:18:00Z,288-1-1-0,0,0,0,0,
1715170740000,2024-05-08T12:19:00Z,288-1-1-0,0,0,0,0,
1715170800000,2024-05-08T12:20:00Z,288-1-1-0,0,0,0,0,
1715170860000,2024-05-08T12:21:00Z,288-1-1-0,0,0,0,0,
1715170920000,2024-05-08T12:22:00Z,288-1-1-0,0,0,0,0,
1715170980000,2024-05-08T12:23:00Z,288-1-1-0,0,0,0,0,
1715171040000,2024-05-08T12:24:00Z,288-1-1-0,0,0,0,0,
1715171100000,2024-05-08T12:25:00Z,288-1-1-0,0,0,0,0,
1715171160000,2024-05-08T12:26:00Z,288-1-1-0,0,0,0,0,
1715171220000,2024-05-08T12:27:00Z,288-1-1-0,0,0,0,0,
1715171280000,2024-05-08T12:28:00Z,288-1-1-0,0,0,0,0,
1715171340000,2024-05-08T12:29:00Z,288-1-1-0,0,0,0,0,
1715171400000,2024-05-08T12:30:00Z,288-1-1-0,0,0,0,0,
1715171460000,2024-05-08T12:31:00Z,288-1-1-0,0,12,0,12,
1715171520000,2024-05-08T12:32:00Z,288-1-1-0,0,0,0,0,
1715171580000,2024-05-08T12:33:00Z,288-1-1-0,0,0,0,0,
1715171640000,2024-05-08T12:34:00Z,288-1-1-0,0,0,0,0,
1715171700000,2024-05-08T12:35:00Z,288-1-1-0,0,0,0,0,
1715171760000,2024-05-08T12:36:00Z,288-1-1-0,0,0,0,0,
1715171820000,2024-05-08T12:37:00Z,288-1-1-0,0,29,0,29,
1715171880000,2024-05-08T12:38:00Z,288-1-1-0,0,0,0,0,
1715171940000,2024-05-08T12:39:00Z,288-1-1-0,0,0,0,0,
1715172000000,2024-05-08T12:40:00Z,288-1-1-0,0,0,0,0,
1715172060000,2024-05-08T12:41:00Z,288-1-1-0,0,0,0,0,
1715172120000,2024-05-08T12:42:00Z,288-1-1-0,0,0,0,0,
1715172180000,2024-05-08T12:43:00Z,288-1-1-0,0,0,0,0,
1715172240000,2024-05-08T12:44:00Z,288-1-1-0,85,326,452,563,
1715172300000,2024-05-08T12:45:00Z,288-1-1-0,0,0,0,0,
1715172360000,2024-05-08T12:46:00Z,288-1-1-0,0,0,0,0,
1715172420000,2024-05-08T12:47:00Z,288-1-1-0,0,0,0,0,
1715172480000,2024-05-08T12:48:00Z,288-1-1-0,0,0,0,0,
1715172540000,2024-05-08T12:49:00Z,288-1-1-0,0,0,0,0,
1715172600000,2024-05-08T12:50:00Z,288-1-1-0,0,0,0,0,
1715172660000,2024-05-08T12:51:00Z,288-1-1-0,0,0,0,0,
1715172720000,2024-05-08T12:52:00Z,288-1-1-0,0,0,0,0,
1715172780000,2024-05-08T12:53:00Z,288-1-1-0,0,0,0,0,
1715172840000,2024-05-08T12:54:00Z,288-1-1-0,0,0,0,0,
1715172900000,2024-05-08T12:55:00Z,288-1-1-0,0,0,0,0,
1715172960000,2024-05-08T12:56:00Z,288-1-1-0,0,0,0,0,
1715173020000,2024-05-08T12:57:00Z,288-1-1-0,0,0,0,0,
1715173080000,2024-05-08T12:58:00Z,288-1-1-0,0,0,0,0,
1715173140000,2024-05-08T12:59:00Z,288-1-1-0,0,0,0,0,
1715173200000,2024-05-08T13:00:00Z,288-1-1-0,0,0,0,0,
1715173260000,2024-05-08T13:01:00Z,288-1-1-0,185,446,431,647,
1715173320000,2024-05-08T13:02:00Z,288-1-1-0,0,0,0,0,
1715173380000,2024-05-08T13:03:00Z,288-1-1-0,0,0,0,0,
1715173440000,2024-05-08T13:04:00Z,288-1-1-0,0,0,0,0,
1715173500000,2024-05-08T13:05:00Z,288-1-1-0,0,0,0,0,
1715173560000,2024-05-08T13:06:00Z,288-1-1-0,0,0,0,0,
1715173620000,2024-05-08T13:07:00Z,288-1-1-0,0,0,0,0,
1715173680000,2024-05-08T13:08:00Z,288-1-1-0,0,0,0,0,
1715173740000,2024-05-08T13:09:00Z,288-1-1-0,0,0,0,0,
1715173800000,2024-05-08T13:10:00Z,288-1-1-0,0,0,0,0,
1715173860000,2024-05-08T13:11:00Z,288-1-1-0,0,0,0,0,
1715173920000,2024-05-08T13:12:00Z,288-1-1-0,0,60,9,60,
1715173980000,2024-05-08T13:13:00Z,288-1-1-0,63,168,149,233,
1715174040000,2024-05-08T13:14:00Z,288-1-1-0,0,0,0,0,
1715174100000,2024-05-08T13:15:00Z,288-1-1-0,0,0,0,0,
1715174160000,2024-05-08T13:16:00Z,288-1-1-0,76,135,98,183,
1715174220000,2024-05-08T13:17:00Z,288-1-1-0,0,0,0,0,
1715174280000,2024-05-08T13:18:00Z,288-1-1-0,0,0,0,0,
1715174340000,2024-05-08T13:19:00Z,288-1-1-0,0,0,0,0,
1715174400000,2024-05-08T13:20:00Z,288-1-1-0,0,0,0,0,
1715174460000,2024-05-08T13:21:00Z,288-1-1-0,0,0,0,0,
1715174520000,2024-05-08T13:22:00Z,288-1-1-0,0,0,0,0,
1715174580000,2024-05-08T13:23:00Z,288-1-1-0,1562,1584,1141,2500,
1715174640000,2024-05-08T13:24:00Z,288-1-1-0,1547,1239,1414,2434,
1715174700000,2024-05-08T13:25:00Z,288-1-1-0,186,398,633,770,
1715174760000,2024-05-08T13:26:00Z,288-1-1-0,177,23,46,184,
1715174820000,2024-05-08T13:27:00Z,288-1-1-0,71,445,554,714,
1715174880000,2024-05-08T13:28:00Z,288-1-1-0,0,51,39,64,
1715174940000,2024-05-08T13:29:00Z,288-1-1-0,884,1146,1030,1776,
1715175000000,2024-05-08T13:30:00Z,288-1-1-0,556,531,804,1112,
1715175060000,2024-05-08T13:31:00Z,288-1-1-0,66,50,64,104,
1715175120000,2024-05-08T13:32:00Z,288-1-1-0,0,0,0,0,
1715175180000,2024-05-08T13:33:00Z,288-1-1-0,0,359,73,366,
1715175240000,2024-05-08T13:34:00Z,288-1-1-0,0,316,32,317,
1715175300000,2024-05-08T13:35:00Z,288-1-1-0,2295,2752,2787,4539,
1715175360000,2024-05-08T13:36:00Z,288-1-1-0,676,711,726,1220,
1715175420000,2024-05-08T13:37:00Z,288-1-1-0,2050,2229,2921,4207,
1715175480000,2024-05-08T13:38:00Z,288-1-1-0,2817,2572,2110,4359,
1715175540000,2024-05-08T13:39:00Z,288-1-1-0,9,39,101,108,
1715175600000,2024-05-08T13:40:00Z,288-1-1-0,1719,1974,2202,3420,
1715175660000,2024-05-08T13:41:00Z,288-1-1-0,232,332,420,583,
1715175720000,2024-05-08T13:42:00Z,288-1-1-0,564,513,1074,1317,
1715175780000,2024-05-08T13:43:00Z,288-1-1-0,970,802,589,1389,
1715175840000,2024-05-08T13:44:00Z,288-1-1-0,193,91,394,448,
1715175900000,2024-05-08T13:45:00Z,288-1-1-0,267,572,614,880,
1715175960000,2024-05-08T13:46:00Z,288-1-1-0,178,750,1234,1454,
1715176020000,2024-05-08T13:47:00Z,288-1-1-0,184,431,440,642,
1715176080000,2024-05-08T13:48:00Z,288-1-1-0,677,852,1013,1486,
1715176140000,2024-05-08T13:49:00Z,288-1-1-0,71,229,124,269,
1715176200000,2024-05-08T13:50:00Z,288-1-1-0,191,338,504,636,
1715176260000,2024-05-08T13:51:00Z,288-1-1-0,1976,1308,1767,2955,
1715176320000,2024-05-08T13:52:00Z,288-1-1-0,2928,2387,2843,4727,
1715176380000,2024-05-08T13:53:00Z,288-1-1-0,4037,3414,4669,7053,
1715176440000,2024-05-08T13:54:00Z,288-1-1-0,558,817,782,1261,
1715176500000,2024-05-08T13:55:00Z,288-1-1-0,440,819,1277,1579,
1715176560000,2024-05-08T13:56:00Z,288-1-1-0,499,427,516,835,
1715176620000,2024-05-08T13:57:00Z,288-1-1-0,0,6,9,10,
1715176680000,2024-05-08T13:58:00Z,288-1-1-0,415,446,492,783,
1715176740000,2024-05-08T13:59:00Z,288-1-1-0,161,396,442,614,
1715176800000,2024-05-08T14:00:00Z,288-1-1-0,195,118,115,255,
1715176860000,2024-05-08T14:01:00Z,288-1-1-0,9,28,0,29,
1715176920000,2024-05-08T14:02:00Z,288-1-1-0,33,65,2,72,
1715176980000,2024-05-08T14:03:00Z,288-1-1-0,1607,1805,1809,3018,
1715177040000,2024-05-08T14:04:00Z,288-1-1-0,170,137,697,730,
1715177100000,2024-05-08T14:05:00Z,288-1-1-0,284,415,402,643,
1715177160000,2024-05-08T14:06:00Z,288-1-1-0,131,179,633,670,
1715177220000,2024-05-08T14:07:00Z,288-1-1-0,169,70,514,545,
1715177280000,2024-05-08T14:08:00Z,288-1-1-0,554,84,334,652,
1715177340000,2024-05-08T14:09:00Z,288-1-1-0,469,580,490,892,
1715177400000,2024-05-08T14:10:00Z,288-1-1-0,30,0,129,132,
1715177460000,2024-05-08T14:11:00Z,288-1-1-0,215,116,269,363,
1715177520000,2024-05-08T14:12:00Z,288-1-1-0,74,44,27,90,
1715177580000,2024-05-08T14:13:00Z,288-1-1-0,227,37,194,300,
1715177640000,2024-05-08T14:14:00Z,288-1-1-0,0,0,288,288,
1715177700000,2024-05-08T14:15:00Z,288-1-1-0,146,64,222,273,
1715177760000,2024-05-08T14:16:00Z,288-1-1-0,1613,1594,2216,3170,
1715177820000,2024-05-08T14:17:00Z,288-1-1-0,4326,4403,3643,7167,
1715177880000,2024-05-08T14:18:00Z,288-1-1-0,4340,3989,3389,6799,
1715177940000,2024-05-08T14:19:00Z,288-1-1-0,3377,3709,3702,6234,
1715178000000,2024-05-08T14:20:00Z,288-1-1-0,2949,2179,1577,3991,
1715178060000,2024-05-08T14:21:00Z,288-1-1-0,270,612,492,830,
1715178120000,2024-05-08T14:22:00Z,288-1-1-0,567,1017,687,1351,
1715178180000,2024-05-08T14:23:00Z,288-1-1-0,0,0,48,48,
1715178240000,2024-05-08T14:24:00Z,288-1-1-0,0,0,16,16,
1715178300000,2024-05-08T14:25:00Z,288-1-1-0,143,105,139,225,
1715178360000,2024-05-08T14:26:00Z,288-1-1-0,0,16,23,28,
1715178420000,2024-05-08T14:27:00Z,288-1-1-0,677,1159,1530,2035,
1715178480000,2024-05-08T14:28:00Z,288-1-1-0,848,910,1855,2233,
1715178540000,2024-05-08T14:29:00Z,288-1-1-0,883,937,1333,1853,
1715178600000,2024-05-08T14:30:00Z,288-1-1-0,977,787,933,1563,
1715178660000,2024-05-08T14:31:00Z,288-1-1-0,630,941,1042,1538,
1715178720000,2024-05-08T14:32:00Z,288-1-1-0,1073,1123,1410,2097,
1715178780000,2024-05-08T14:33:00Z,288-1-1-0,2910,2771,3010,5020,
1715178840000,2024-05-08T14:34:00Z,288-1-1-0,1005,1408,1947,2604,
1715178900000,2024-05-08T14:35:00Z,288-1-1-0,495,522,936,1180,
1715178960000,2024-05-08T14:36:00Z,288-1-1-0,409,702,643,1036,
1715179020000,2024-05-08T14:37:00Z,288-1-1-0,768,1379,1772,2373,
1715179080000,2024-05-08T14:38:00Z,288-1-1-0,1363,1386,1604,2520,
1715179140000,2024-05-08T14:39:00Z,288-1-1-0,884,1061,989,1698,
1715179200000,2024-05-08T14:40:00Z,288-1-1-0,564,887,418,1131,
1715179260000,2024-05-08T14:41:00Z,288-1-1-0,14,12,0,18,
1715179320000,2024-05-08T14:42:00Z,288-1-1-0,509,1149,910,1551,
1715179380000,2024-05-08T14:43:00Z,288-1-1-0,67,187,223,298,
1715179440000,2024-05-08T14:44:00Z,288-1-1-0,2351,2026,1650,3514,
1715179500000,2024-05-08T14:45:00Z,288-1-1-0,1438,1718,1053,2475,
1715179560000,2024-05-08T14:46:00Z,288-1-1-0,880,601,899,1394,
1715179620000,2024-05-08T14:47:00Z,288-1-1-0,1698,1755,1876,3079,
1715179680000,2024-05-08T14:48:00Z,288-1-1-0,488,393,317,702,
1715179740000,2024-05-08T14:49:00Z,288-1-1-0,483,512,616,935,
1715179800000,2024-05-08T14:50:00Z,288-1-1-0,922,541,1228,1628,
1715179860000,2024-05-08T14:51:00Z,288-1-1-0,948,713,911,1495,
1715179920000,2024-05-08T14:52:00Z,288-1-1-0,3222,3768,3155,5876,
1715179980000,2024-05-08T14:53:00Z,288-1-1-0,352,1771,1051,2089,
1715180040000,2024-05-08T14:54:00Z,288-1-1-0,386,1054,642,1293,
1715180100000,2024-05-08T14:55:00Z,288-1-1-0,225,862,310,943,
1715180160000,2024-05-08T14:56:00Z,288-1-1-0,235,857,226,916,
1715180220000,2024-05-08T14:57:00Z,288-1-1-0,0,108,9,108,
1715180280000,2024-05-08T14:58:00Z,288-1-1-0,0,404,55,407,
1715180340000,2024-05-08T14:59:00Z,288-1-1-0,743,1362,1223,1975,
1715180400000,2024-05-08T15:00:00Z,288-1-1-0,0,0,0,0,
1715180460000,2024-05-08T15:01:00Z,288-1-1-0,183,335,245,453,
1715180520000,2024-05-08T15:02:00Z,288-1-1-0,3,250,66,258,
1715180580000,2024-05-08T15:03:00Z,288-1-1-0,0,178,17,178,
1715180640000,2024-05-08T15:04:00Z,288-1-1-0,0,436,19,436,
1715180700000,2024-05-08T15:05:00Z,288-1-1-0,169,610,54,635,
1715180760000,2024-05-08T15:06:00Z,288-1-1-0,762,1725,868,2075,
1715180820000,2024-05-08T15:07:00Z,288-1-1-0,348,1545,2056,2595,
1715180880000,2024-05-08T15:08:00Z,288-1-1-0,2393,4688,2716,5922,
1715180940000,2024-05-08T15:09:00Z,288-1-1-0,14,141,103,175,
1715181000000,2024-05-08T15:10:00Z,288-1-1-0,2,198,67,209,
1715181060000,2024-05-08T15:11:00Z,288-1-1-0,0,0,0,0,
1715181120000,2024-05-08T15:12:00Z,288-1-1-0,0,14,11,17,
1715181180000,2024-05-08T15:13:00Z,288-1-1-0,0,0,0,0,
1715181240000,2024-05-08T15:14:00Z,288-1-1-0,0,0,0,0,
1715181300000,2024-05-08T15:15:00Z,288-1-1-0,0,0,0,0,
1715181360000,2024-05-08T15:16:00Z,288-1-1-0,0,0,0,0,
1715181420000,2024-05-08T15:17:00Z,288-1-1-0,0,0,0,0,
1715181480000,2024-05-08T15:18:00Z,288-1-1-0,0,0,0,0,
1715181540000,2024-05-08T15:19:00Z,288-1-1-0,0,0,0,0,
1715181600000,2024-05-08T15:20:00Z,288-1-1-0,0,0,0,0,
1715181660000,2024-05-08T15:21:00Z,288-1-1-0,0,0,0,0,
1715181720000,2024-05-08T15:22:00Z,288-1-1-0,146,350,301,484,
1715181780000,2024-05-08T15:23:00Z,288-1-1-0,0,0,0,0,
1715181840000,2024-05-08T15:24:00Z,288-1-1-0,0,0,0,0,
1715181900000,2024-05-08T15:25:00Z,288-1-1-0,0,0,0,0,
1715181960000,2024-05-08T15:26:00Z,288-1-1-0,0,0,0,0,
1715182020000,2024-05-08T15:27:00Z,288-1-1-0,0,0,0,0,
1715182080000,2024-05-08T15:28:00Z,288-1-1-0,0,0,0,0,
1715182140000,2024-05-08T15:29:00Z,288-1-1-0,0,0,0,0,
1715182200000,2024-05-08T15:30:00Z,288-1-1-0,0,0,0,0,
1715182260000,2024-05-08T15:31:00Z,288-1-1-0,0,0,0,0,
1715182320000,2024-05-08T15:32:00Z,288-1-1-0,0,0,0,0,
1715182380000,2024-05-08T15:33:00Z,288-1-1-0,0,0,0,0,
1715182440000,2024-05-08T15:34:00Z,288-1-1-0,0,0,0,0,
1715182500000,2024-05-08T15:35:00Z,288-1-1-0,0,0,0,0,
1715182560000,2024-05-08T15:36:00Z,288-1-1-0,0,0,0,0,
1715182620000,2024-05-08T15:37:00Z,288-1-1-0,0,0,0,0,
1715182680000,2024-05-08T15:38:00Z,288-1-1-0,81,52,85,128,
1715182740000,2024-05-08T15:39:00Z,288-1-1-0,134,325,364,506,
1715182800000,2024-05-08T15:40:00Z,288-1-1-0,121,350,101,383,
1715182860000,2024-05-08T15:41:00Z,288-1-1-0,0,0,0,0,
1715182920000,2024-05-08T15:42:00Z,288-1-1-0,0,0,0,0,
1715182980000,2024-05-08T15:43:00Z,288-1-1-0,0,0,0,0,
1715183040000,2024-05-08T15:44:00Z,288-1-1-0,0,0,0,0,
1715183100000,2024-05-08T15:45:00Z,288-1-1-0,0,0,0,0,
1715183160000,2024-05-08T15:46:00Z,288-1-1-0,0,0,0,0,
1715183220000,2024-05-08T15:47:00Z,288-1-1-0,0,0,0,0,
1715183280000,2024-05-08T15:48:00Z,288-1-1-0,0,0,0,0,
1715183340000,2024-05-08T15:49:00Z,288-1-1-0,0,0,0,0,
1715183400000,2024-05-08T15:50:00Z,288-1-1-0,0,0,0,0,
1715183460000,2024-05-08T15:51:00Z,288-1-1-0,0,0,0,0,
1715183520000,2024-05-08T15:52:00Z,288-1-1-0,0,0,0,0,
1715183580000,2024-05-08T15:53:00Z,288-1-1-0,0,0,0,0,
1715183640000,2024-05-08T15:54:00Z,288-1-1-0,0,0,0,0,
1715183700000,2024-05-08T15:55:00Z,288-1-1-0,0,0,0,0,
1715183760000,2024-05-08T15:56:00Z,288-1-1-0,0,0,0,0,
1715183820000,2024-05-08T15:57:00Z,288-1-1-0,0,0,0,0,
1715183880000,2024-05-08T15:58:00Z,288-1-1-0,0,0,0,0,
1715183940000,2024-05-08T15:59:00Z,288-1-1-0,0,0,0,0,
1715184000000,2024-05-08T16:00:00Z,288-1-1-0,0,0,0,0,
1715184060000,2024-05-08T16:01:00Z,288-1-1-0,0,0,0,0,
1715184120000,2024-05-08T16:02:00Z,288-1-1-0,0,0,0,0,
1715184180000,2024-05-08T16:03:00Z,288-1-1-0,0,0,0,0,
1715184240000,2024-05-08T16:04:00Z,288-1-1-0,0,0,0,0,
1715184300000,2024-05-08T16:05:00Z,288-1-1-0,405,817,1112,1438,
1715184360000,2024-05-08T16:06:00Z,288-1-1-0,48,327,425,538,
1715184420000,2024-05-08T16:07:00Z,288-1-1-0,130,396,317,523,
1715184480000,2024-05-08T16:08:00Z,288-1-1-0,127,23,57,141,
1715184540000,2024-05-08T16:09:00Z,288-1-1-0,581,1141,1106,1691,
1715184600000,2024-05-08T16:10:00Z,288-1-1-0,260,596,833,1056,
1715184660000,2024-05-08T16:11:00Z,288-1-1-0,0,0,0,0,
1715184720000,2024-05-08T16:12:00Z,288-1-1-0,27,108,453,466,
1715184780000,2024-05-08T16:13:00Z,288-1-1-0,32,20,289,291,
1715184840000,2024-05-08T16:14:00Z,288-1-1-0,0,0,0,0,
1715184900000,2024-05-08T16:15:00Z,288-1-1-0,225,412,737,873,
1715184960000,2024-05-08T16:16:00Z,288-1-1-0,19,16,19,31,
1715185020000,2024-05-08T16:17:00Z,288-1-1-0,866,2235,1176,2669,
1715185080000,2024-05-08T16:18:00Z,288-1-1-0,553,1574,723,1818,
1715185140000,2024-05-08T16:19:00Z,288-1-1-0,1193,1838,1689,2766,
1715185200000,2024-05-08T16:20:00Z,288-1-1-0,356,1201,764,1467,
1715185260000,2024-05-08T16:21:00Z,288-1-1-0,0,26,0,26,
1715185320000,2024-05-08T16:22:00Z,288-1-1-0,8,42,42,59,
1715185380000,2024-05-08T16:23:00Z,288-1-1-0,18,416,136,438,
1715185440000,2024-05-08T16:24:00Z,288-1-1-0,0,42,0,42,
1715185500000,2024-05-08T16:25:00Z,288-1-1-0,0,27,0,27,
1715185560000,2024-05-08T16:26:00Z,288-1-1-0,0,1,0,1,
1715185620000,2024-05-08T16:27:00Z,288-1-1-0,0,0,0,0,
1715185680000,2024-05-08T16:28:00Z,288-1-1-0,0,0,0,0,
1715185740000,2024-05-08T16:29:00Z,288-1-1-0,836,1863,1390,2470,
1715185800000,2024-05-08T16:30:00Z,288-1-1-0,453,814,467,1042,
1715185860000,2024-05-08T16:31:00Z,288-1-1-0,0,162,125,204,
1715185920000,2024-05-08T16:32:00Z,288-1-1-0,774,852,407,1220,
1715185980000,2024-05-08T16:33:00Z,288-1-1-0,390,983,2210,2449,
1715186040000,2024-05-08T16:34:00Z,288-1-1-0,106,575,2279,2352,
1715186100000,2024-05-08T16:35:00Z,288-1-1-0,2689,4533,3286,6211,
1715186160000,2024-05-08T16:36:00Z,288-1-1-0,1800,3141,1362,3867,
1715186220000,2024-05-08T16:37:00Z,288-1-1-0,457,696,250,869,
1715186280000,2024-05-08T16:38:00Z,288-1-1-0,1735,1591,3293,4047,
1715186340000,2024-05-08T16:39:00Z,288-1-1-0,983,612,2096,2394,
1715186400000,2024-05-08T16:40:00Z,288-1-1-0,4084,3465,4269,6849,
1715186460000,2024-05-08T16:41:00Z,288-1-1-0,3450,2371,2389,4819,
1715186520000,2024-05-08T16:42:00Z,288-1-1-0,1534,1913,1607,2931,
1715186580000,2024-05-08T16:43:00Z,288-1-1-0,0,223,5,223,
1715186640000,2024-05-08T16:44:00Z,288-1-1-0,817,981,1049,1652,
1715186700000,2024-05-08T16:45:00Z,288-1-1-0,781,1776,1306,2338,
1715186760000,2024-05-08T16:46:00Z,288-1-1-0,1435,1920,1908,3063,
1715186820000,2024-05-08T16:47:00Z,288-1-1-0,189,793,347,885,
1715186880000,2024-05-08T16:48:00Z,288-1-1-0,116,139,91,202,
1715186940000,2024-05-08T16:49:00Z,288-1-1-0,0,259,29,260,
1715187000000,2024-05-08T16:50:00Z,288-1-1-0,12,442,31,443,
1715187060000,2024-05-08T16:51:00Z,288-1-1-0,25,220,35,224,
1715187120000,2024-05-08T16:52:00Z,288-1-1-0,,,,,device_not_recording
1715187180000,2024-05-08T16:53:00Z,288-1-1-0,0,48,64,80,
1715187240000,2024-05-08T16:54:00Z,288-1-1-0,197,886,259,943,
1715187300000,2024-05-08T16:55:00Z,288-1-1-0,247,627,666,947,
1715187360000,2024-05-08T16:56:00Z,288-1-1-0,849,1093,1765,2242,
1715187420000,2024-05-08T16:57:00Z,288-1-1-0,643,1807,767,2065,
1715187480000,2024-05-08T16:58:00Z,288-1-1-0,1291,2444,1274,3043,
1715187540000,2024-05-08T16:59:00Z,288-1-1-0,1885,3097,1855,4072,
1715187600000,2024-05-08T17:00:00Z,288-1-1-0,358,813,649,1100,
1715187660000,2024-05-08T17:01:00Z,288-1-1-0,481,673,745,1113,
1715187720000,2024-05-08T17:02:00Z,288-1-1-0,1044,2457,1548,3085,
1715187780000,2024-05-08T17:03:00Z,288-1-1-0,86,951,221,980,
1715187840000,2024-05-08T17:04:00Z,288-1-1-0,98,663,474,820,
1715187900000,2024-05-08T17:05:00Z,288-1-1-0,0,17,0,17,
1715187960000,2024-05-08T17:06:00Z,288-1-1-0,1587,2309,1415,3138,
1715188020000,2024-05-08T17:07:00Z,288-1-1-0,1119,792,799,1586,
1715188080000,2024-05-08T17:08:00Z,288-1-1-0,1134,1112,1522,2199,
1715188140000,2024-05-08T17:09:00Z,288-1-1-0,2224,2415,2111,3903,
1715188200000,2024-05-08T17:10:00Z,288-1-1-0,4855,5021,5357,8802,
1715188260000,2024-05-08T17:11:00Z,288-1-1-0,1614,2253,1664,3232,
1715188320000,2024-05-08T17:12:00Z,288-1-1-0,1514,1604,1221,2521,
1715188380000,2024-05-08T17:13:00Z,288-1-1-0,3581,3400,4326,6564,
1715188440000,2024-05-08T17:14:00Z,288-1-1-0,2492,1800,2551,3994,
1715188500000,2024-05-08T17:15:00Z,288-1-1-0,157,135,295,360,
1715188560000,2024-05-08T17:16:00Z,288-1-1-0,1591,2040,2704,3742,
1715188620000,2024-05-08T17:17:00Z,288-1-1-0,3222,2526,2028,4568,
1715188680000,2024-05-08T17:18:00Z,288-1-1-0,5082,4995,4096,8219,
1715188740000,2024-05-08T17:19:00Z,288-1-1-0,866,1924,867,2281,
1715188800000,2024-05-08T17:20:00Z,288-1-1-0,898,1618,1129,2167,
1715188860000,2024-05-08T17:21:00Z,288-1-1-0,120,531,218,586,
1715188920000,2024-05-08T17:22:00Z,288-1-1-0,1044,1110,1067,1860,
1715188980000,2024-05-08T17:23:00Z,288-1-1-0,111,735,663,996,
1715189040000,2024-05-08T17:24:00Z,288-1-1-0,191,949,445,1065,
1715189100000,2024-05-08T17:25:00Z,288-1-1-0,3,16,17,23,
1715189160000,2024-05-08T17:26:00Z,288-1-1-0,68,165,15,179,
1715189220000,2024-05-08T17:27:00Z,288-1-1-0,116,316,34,338,
1715189280000,2024-05-08T17:28:00Z,288-1-1-0,0,0,0,0,
1715189340000,2024-05-08T17:29:00Z,288-1-1-0,0,98,0,98,
1715189400000,2024-05-08T17:30:00Z,288-1-1-0,450,789,317,962,
1715189460000,2024-05-08T17:31:00Z,288-1-1-0,203,483,330,619,
1715189520000,2024-05-08T17:32:00Z,288-1-1-0,205,723,467,884,
1715189580000,2024-05-08T17:33:00Z,288-1-1-0,21,655,323,730,
1715189640000,2024-05-08T17:34:00Z,288-1-1-0,731,1954,1383,2503,
1715189700000,2024-05-08T17:35:00Z,288-1-1-0,780,976,1100,1664,
1715189760000,2024-05-08T17:36:00Z,288-1-1-0,864,1357,748,1774,
1715189820000,2024-05-08T17:37:00Z,288-1-1-0,1029,1963,1084,2467,
1715189880000,2024-05-08T17:38:00Z,288-1-1-0,567,816,125,1001,
1715189940000,2024-05-08T17:39:00Z,288-1-1-0,3559,2848,2886,5395,
1715190000000,2024-05-08T17:40:00Z,288-1-1-0,5403,3422,3464,7273,
1715190060000,2024-05-08T17:41:00Z,288-1-1-0,3921,3734,4429,6995,
1715190120000,2024-05-08T17:42:00Z,288-1-1-0,3092,3152,3826,5842,
1715190180000,2024-05-08T17:43:00Z,288-1-1-0,3664,2937,2696,5414,
1715190240000,2024-05-08T17:44:00Z,288-1-1-0,3924,2879,2733,5581,
1715190300000,2024-05-08T17:45:00Z,288-1-1-0,2085,1420,3008,3925,
1715190360000,2024-05-08T17:46:00Z,288-1-1-0,2329,1541,2887,4016,
1715190420000,2024-05-08T17:47:00Z,288-1-1-0,3122,1749,2537,4386,
1715190480000,2024-05-08T17:48:00Z,288-1-1-0,2186,1896,2574,3872,
1715190540000,2024-05-08T17:49:00Z,288-1-1-0,1228,1467,1992,2761,
1715190600000,2024-05-08T17:50:00Z,288-1-1-0,1884,1229,795,2385,
1715190660000,2024-05-08T17:51:00Z,288-1-1-0,1107,959,486,1543,
1715190720000,2024-05-08T17:52:00Z,288-1-1-0,857,708,587,1257,
1715190780000,2024-05-08T17:53:00Z,288-1-1-0,1743,1113,1302,2443,
1715190840000,2024-05-08T17:54:00Z,288-1-1-0,1001,959,889,1646,
1715190900000,2024-05-08T17:55:00Z,288-1-1-0,868,920,907,1556,
1715190960000,2024-05-08T17:56:00Z,288-1-1-0,3112,2635,4133,5805,
1715191020000,2024-05-08T17:57:00Z,288-1-1-0,1452,1967,3888,4592,
1715191080000,2024-05-08T17:58:00Z,288-1-1-0,1225,2025,2285,3289,
1715191140000,2024-05-08T17:59:00Z,288-1-1-0,1309,2221,2655,3700,
1715191200000,2024-05-08T18:00:00Z,288-1-1-0,1846,1595,2080,3205,
1715191260000,2024-05-08T18:01:00Z,288-1-1-0,2467,2448,2743,4427,
1715191320000,2024-05-08T18:02:00Z,288-1-1-0,3789,2644,4270,6291,
1715191380000,2024-05-08T18:03:00Z,288-1-1-0,4360,3928,4331,7293,
1715191440000,2024-05-08T18:04:00Z,288-1-1-0,3917,5270,4305,7851,
1715191500000,2024-05-08T18:05:00Z,288-1-1-0,1892,1121,912,2380,
1715191560000,2024-05-08T18:06:00Z,288-1-1-0,1393,842,1078,1952,
1715191620000,2024-05-08T18:07:00Z,288-1-1-0,2183,1446,1682,3112,
1715191680000,2024-05-08T18:08:00Z,288-1-1-0,2367,2610,4490,5707,
1715191740000,2024-05-08T18:09:00Z,288-1-1-0,4428,3545,4057,6973,
1715191800000,2024-05-08T18:10:00Z,288-1-1-0,4965,3137,3284,6728,
1715191860000,2024-05-08T18:11:00Z,288-1-1-0,1547,959,990,2071,
1715191920000,2024-05-08T18:12:00Z,288-1-1-0,1009,997,1443,2023,
1715191980000,2024-05-08T18:13:00Z,288-1-1-0,893,839,1679,2078,
1715192040000,2024-05-08T18:14:00Z,288-1-1-0,1153,1070,1537,2199,
1715192100000,2024-05-08T18:15:00Z,288-1-1-0,1615,1661,2509,3415,
1715192160000,2024-05-08T18:16:00Z,288-1-1-0,532,925,1418,1774,
1715192220000,2024-05-08T18:17:00Z,288-1-1-0,996,979,1300,1907,
1715192280000,2024-05-08T18:18:00Z,288-1-1-0,1475,1875,1706,2932,
1715192340000,2024-05-08T18:19:00Z,288-1-1-0,476,733,1406,1655,
1715192400000,2024-05-08T18:20:00Z,288-1-1-0,465,522,882,1125,
1715192460000,2024-05-08T18:21:00Z,288-1-1-0,455,711,790,1156,
1715192520000,2024-05-08T18:22:00Z,288-1-1-0,364,620,1194,1393,
1715192580000,2024-05-08T18:23:00Z,288-1-1-0,660,796,1178,1567,
1715192640000,2024-05-08T18:24:00Z,288-1-1-0,565,690,1574,1809,
1715192700000,2024-05-08T18:25:00Z,288-1-1-0,174,271,269,419,
1715192760000,2024-05-08T18:26:00Z,288-1-1-0,1663,1224,1127,2352,
1715192820000,2024-05-08T18:27:00Z,288-1-1-0,3190,2186,2407,4555,
1715192880000,2024-05-08T18:28:00Z,288-1-1-0,1152,1177,1127,1995,
1715192940000,2024-05-08T18:29:00Z,288-1-1-0,1142,30,83,1145,
1715193000000,2024-05-08T18:30:00Z,288-1-1-0,4701,3810,4869,7766,
1715193060000,2024-05-08T18:31:00Z,288-1-1-0,5686,5122,4489,8872,
1715193120000,2024-05-08T18:32:00Z,288-1-1-0,2252,3551,1605,4500,
1715193180000,2024-05-08T18:33:00Z,288-1-1-0,1204,2016,1062,2577,
1715193240000,2024-05-08T18:34:00Z,288-1-1-0,743,1520,523,1770,
1715193300000,2024-05-08T18:35:00Z,288-1-1-0,35,142,55,156,
1715193360000,2024-05-08T18:36:00Z,288-1-1-0,542,1412,1157,1904,
1715193420000,2024-05-08T18:37:00Z,288-1-1-0,131,594,187,636,
1715193480000,2024-05-08T18:38:00Z,288-1-1-0,940,2064,1329,2628,
1715193540000,2024-05-08T18:39:00Z,288-1-1-0,447,1023,748,1343,
1715193600000,2024-05-08T18:40:00Z,288-1-1-0,314,364,560,738,
1715193660000,2024-05-08T18:41:00Z,288-1-1-0,41,240,111,267,
1715193720000,2024-05-08T18:42:00Z,288-1-1-0,326,503,338,688,
1715193780000,2024-05-08T18:43:00Z,288-1-1-0,238,1200,422,1294,
1715193840000,2024-05-08T18:44:00Z,288-1-1-0,525,1386,994,1784,
1715193900000,2024-05-08T18:45:00Z,288-1-1-0,695,1424,1184,1978,
1715193960000,2024-05-08T18:46:00Z,288-1-1-0,2824,4398,3078,6065,
1715194020000,2024-05-08T18:47:00Z,288-1-1-0,3628,2019,2495,4843,
1715194080000,2024-05-08T18:48:00Z,288-1-1-0,1760,1498,1794,2925,
1715194140000,2024-05-08T18:49:00Z,288-1-1-0,2413,2198,2641,4198,
1715194200000,2024-05-08T18:50:00Z,288-1-1-0,2721,2035,2265,4083,
1715194260000,2024-05-08T18:51:00Z,288-1-1-0,2981,2187,2606,4523,
1715194320000,2024-05-08T18:52:00Z,288-1-1-0,563,1502,1809,2417,
1715194380000,2024-05-08T18:53:00Z,288-1-1-0,1439,2355,1851,3323,
1715194440000,2024-05-08T18:54:00Z,288-1-1-0,2258,2634,2218,4117,
1715194500000,2024-05-08T18:55:00Z,288-1-1-0,4106,3254,2897,5986,
1715194560000,2024-05-08T18:56:00Z,288-1-1-0,3207,1688,2451,4375,
1715194620000,2024-05-08T18:57:00Z,288-1-1-0,3488,3548,3434,6045,
1715194680000,2024-05-08T18:58:00Z,288-1-1-0,4600,4037,5452,8196,
1715194740000,2024-05-08T18:59:00Z,288-1-1-0,3724,3809,4831,7191,
1715194800000,2024-05-08T19:00:00Z,288-1-1-0,3878,4111,4099,6981,
1715194860000,2024-05-08T19:01:00Z,288-1-1-0,2253,2840,2882,4631,
1715194920000,2024-05-08T19:02:00Z,288-1-1-0,413,571,1973,2095,
1715194980000,2024-05-08T19:03:00Z,288-1-1-0,1981,2892,3874,5224,
1715195040000,2024-05-08T19:04:00Z,288-1-1-0,224,150,755,801,
1715195100000,2024-05-08T19:05:00Z,288-1-1-0,769,683,1854,2120,
1715195160000,2024-05-08T19:06:00Z,288-1-1-0,801,750,1416,1791,
1715195220000,2024-05-08T19:07:00Z,288-1-1-0,418,573,534,887,
1715195280000,2024-05-08T19:08:00Z,288-1-1-0,921,1051,1345,1939,
1715195340000,2024-05-08T19:09:00Z,288-1-1-0,1978,2296,2378,3852,
1715195400000,2024-05-08T19:10:00Z,288-1-1-0,1598,1707,1808,2955,
1715195460000,2024-05-08T19:11:00Z,288-1-1-0,2016,1992,3182,4261,
1715195520000,2024-05-08T19:12:00Z,288-1-1-0,3363,3458,3537,5981,
1715195580000,2024-05-08T19:13:00Z,288-1-1-0,2177,1788,2120,3525,
1715195640000,2024-05-08T19:14:00Z,288-1-1-0,2481,1676,1054,3174,
1715195700000,2024-05-08T19:15:00Z,288-1-1-0,2893,2694,2141,4495,
1715195760000,2024-05-08T19:16:00Z,288-1-1-0,4744,3580,3633,6965,
1715195820000,2024-05-08T19:17:00Z,288-1-1-0,701,700,405,1070,
1715195880000,2024-05-08T19:18:00Z,288-1-1-0,169,100,104,222,
1715195940000,2024-05-08T19:19:00Z,288-1-1-0,0,0,0,0,
1715196000000,2024-05-08T19:20:00Z,288-1-1-0,386,431,341,671,
1715196060000,2024-05-08T19:21:00Z,288-1-1-0,336,584,366,766,
1715196120000,2024-05-08T19:22:00Z,288-1-1-0,150,223,196,332,
1715196180000,2024-05-08T19:23:00Z,288-1-1-0,207,404,136,473,
1715196240000,2024-05-08T19:24:00Z,288-1-1-0,290,158,204,388,
1715196300000,2024-05-08T19:25:00Z,288-1-1-0,780,1198,1033,1763,
1715196360000,2024-05-08T19:26:00Z,288-1-1-0,877,751,608,1304,
1715196420000,2024-05-08T19:27:00Z,288-1-1-0,1543,1413,2310,3116,
1715196480000,2024-05-08T19:28:00Z,288-1-1-0,3590,3742,2991,5986,
1715196540000,2024-05-08T19:29:00Z,288-1-1-0,2436,2652,2777,4547,
1715196600000,2024-05-08T19:30:00Z,288-1-1-0,3260,3502,3416,5878,
1715196660000,2024-05-08T19:31:00Z,288-1-1-0,1542,982,1613,2438,
1715196720000,2024-05-08T19:32:00Z,288-1-1-0,2137,1530,2172,3409,
1715196780000,2024-05-08T19:33:00Z,288-1-1-0,1588,1545,3050,3769,
1715196840000,2024-05-08T19:34:00Z,288-1-1-0,2807,1381,2497,4002,
1715196900000,2024-05-08T19:35:00Z,288-1-1-0,1307,883,1061,1900,
1715196960000,2024-05-08T19:36:00Z,288-1-1-0,2120,1801,2336,3632,
1715197020000,2024-05-08T19:37:00Z,288-1-1-0,1524,2786,7397,8049,
1715197080000,2024-05-08T19:38:00Z,288-1-1-0,2195,1918,2931,4133,
1715197140000,2024-05-08T19:39:00Z,288-1-1-0,161,429,1297,1375,
1715197200000,2024-05-08T19:40:00Z,288-1-1-0,148,107,204,273,
1715197260000,2024-05-08T19:41:00Z,288-1-1-0,1858,2228,1463,3249,
1715197320000,2024-05-08T19:42:00Z,288-1-1-0,513,600,681,1042,
1715197380000,2024-05-08T19:43:00Z,288-1-1-0,611,1310,687,1600,
1715197440000,2024-05-08T19:44:00Z,288-1-1-0,166,1242,885,1534,
1715197500000,2024-05-08T19:45:00Z,288-1-1-0,347,1802,824,2011,
1715197560000,2024-05-08T19:46:00Z,288-1-1-0,0,37,9,38,
1715197620000,2024-05-08T19:47:00Z,288-1-1-0,0,0,0,0,
1715197680000,2024-05-08T19:48:00Z,288-1-1-0,0,0,0,0,
1715197740000,2024-05-08T19:49:00Z,288-1-1-0,0,0,0,0,
1715197800000,2024-05-08T19:50:00Z,288-1-1-0,248,250,229,420,
1715197860000,2024-05-08T19:51:00Z,288-1-1-0,1282,1547,1242,2362,
1715197920000,2024-05-08T19:52:00Z,288-1-1-0,3688,3757,3551,6350,
1715197980000,2024-05-08T19:53:00Z,288-1-1-0,1762,2619,2616,4099,
1715198040000,2024-05-08T19:54:00Z,288-1-1-0,2496,3089,2888,4910,
1715198100000,2024-05-08T19:55:00Z,288-1-1-0,1009,2799,1597,3376,
1715198160000,2024-05-08T19:56:00Z,288-1-1-0,3235,5015,2652,6530,
1715198220000,2024-05-08T19:57:00Z,288-1-1-0,202,1053,386,1139,
1715198280000,2024-05-08T19:58:00Z,288-1-1-0,257,563,126,631,
1715198340000,2024-05-08T19:59:00Z,288-1-1-0,385,509,5,638,
1715198400000,2024-05-08T20:00:00Z,288-1-1-0,605,1415,490,1615,
1715198460000,2024-05-08T20:01:00Z,288-1-1-0,294,664,502,882,
1715198520000,2024-05-08T20:02:00Z,288-1-1-0,799,1470,1022,1960,
1715198580000,2024-05-08T20:03:00Z,288-1-1-0,17,84,7,85,
1715198640000,2024-05-08T20:04:00Z,288-1-1-0,1141,1444,579,1929,
1715198700000,2024-05-08T20:05:00Z,288-1-1-0,311,166,0,352,
1715198760000,2024-05-08T20:06:00Z,288-1-1-0,619,1417,550,1641,
1715198820000,2024-05-08T20:07:00Z,288-1-1-0,826,1668,863,2051,
1715198880000,2024-05-08T20:08:00Z,288-1-1-0,690,1455,581,1711,
1715198940000,2024-05-08T20:09:00Z,288-1-1-0,375,430,1391,1503,
1715199000000,2024-05-08T20:10:00Z,288-1-1-0,1412,2151,1351,2906,
1715199060000,2024-05-08T20:11:00Z,288-1-1-0,904,2098,936,2468,
1715199120000,2024-05-08T20:12:00Z,288-1-1-0,210,681,251,755,
1715199180000,2024-05-08T20:13:00Z,288-1-1-0,244,523,182,605,
1715199240000,2024-05-08T20:14:00Z,288-1-1-0,3855,2992,3375,5933,
1715199300000,2024-05-08T20:15:00Z,288-1-1-0,1891,2020,1556,3174,
1715199360000,2024-05-08T20:16:00Z,288-1-1-0,4407,4004,2939,6640,
1715199420000,2024-05-08T20:17:00Z,288-1-1-0,2266,3297,3104,5063,
1715199480000,2024-05-08T20:18:00Z,288-1-1-0,2421,2233,1984,3844,
1715199540000,2024-05-08T20:19:00Z,288-1-1-0,2477,2539,3260,4817,
1715199600000,2024-05-08T20:20:00Z,288-1-1-0,4009,4221,4173,7162,
1715199660000,2024-05-08T20:21:00Z,288-1-1-0,4754,3934,4242,7488,
1715199720000,2024-05-08T20:22:00Z,288-1-1-0,3638,2590,2785,5263,
1715199780000,2024-05-08T20:23:00Z,288-1-1-0,1937,1895,2159,3464,
1715199840000,2024-05-08T20:24:00Z,288-1-1-0,0,1,330,330,
1715199900000,2024-05-08T20:25:00Z,288-1-1-0,146,195,210,321,
1715199960000,2024-05-08T20:26:00Z,288-1-1-0,173,210,312,413,
1715200020000,2024-05-08T20:27:00Z,288-1-1-0,4098,2288,2371,5258,
1715200080000,2024-05-08T20:28:00Z,288-1-1-0,4253,2835,3001,5927,
1715200140000,2024-05-08T20:29:00Z,288-1-1-0,3750,3209,3777,6214,
1715200200000,2024-05-08T20:30:00Z,288-1-1-0,3858,2820,3154,5725,
1715200260000,2024-05-08T20:31:00Z,288-1-1-0,5792,2026,1931,6432,
1715200320000,2024-05-08T20:32:00Z,288-1-1-0,6186,2105,1821,6783,
1715200380000,2024-05-08T20:33:00Z,288-1-1-0,5856,2627,2225,6792,
1715200440000,2024-05-08T20:34:00Z,288-1-1-0,5586,2876,2585,6793,
1715200500000,2024-05-08T20:35:00Z,288-1-1-0,5208,3095,4069,7297,
1715200560000,2024-05-08T20:36:00Z,288-1-1-0,4522,2993,2291,5886,
1715200620000,2024-05-08T20:37:00Z,288-1-1-0,7344,3481,2682,8558,
1715200680000,2024-05-08T20:38:00Z,288-1-1-0,5564,4059,4366,8154,
1715200740000,2024-05-08T20:39:00Z,288-1-1-0,5161,3148,3119,6802,
1715200800000,2024-05-08T20:40:00Z,288-1-1-0,7490,4777,4034,9756,
1715200860000,2024-05-08T20:41:00Z,288-1-1-0,3769,3395,3124,5957,
1715200920000,2024-05-08T20:42:00Z,288-1-1-0,5479,3710,3044,7283,
1715200980000,2024-05-08T20:43:00Z,288-1-1-0,6292,4047,3573,8290,
1715201040000,2024-05-08T20:44:00Z,288-1-1-0,5264,7072,2830,9259,
1715201100000,2024-05-08T20:45:00Z,288-1-1-0,3548,2633,2446,5050,
1715201160000,2024-05-08T20:46:00Z,288-1-1-0,3937,2678,2775,5511,
1715201220000,2024-05-08T20:47:00Z,288-1-1-0,4363,6204,2942,8135,
1715201280000,2024-05-08T20:48:00Z,288-1-1-0,6469,4824,3756,8900,
1715201340000,2024-05-08T20:49:00Z,288-1-1-0,3760,2290,2605,5115,
1715201400000,2024-05-08T20:50:00Z,288-1-1-0,3855,5337,2690,7112,
1715201460000,2024-05-08T20:51:00Z,288-1-1-0,3185,3600,2537,5435,
1715201520000,2024-05-08T20:52:00Z,288-1-1-0,4877,2740,2868,6286,
1715201580000,2024-05-08T20:53:00Z,288-1-1-0,6038,3614,2618,7508,
1715201640000,2024-05-08T20:54:00Z,288-1-1-0,6172,4469,3661,8453,
1715201700000,2024-05-08T20:55:00Z,288-1-1-0,5740,3835,3062,7551,
1715201760000,2024-05-08T20:56:00Z,288-1-1-0,4278,4427,3135,6908,
1715201820000,2024-05-08T20:57:00Z,288-1-1-0,4068,3307,3555,6334,
1715201880000,2024-05-08T20:58:00Z,288-1-1-0,6004,4551,3851,8461,
1715201940000,2024-05-08T20:59:00Z,288-1-1-0,5726,3624,3467,7611,
1715202000000,2024-05-08T21:00:00Z,288-1-1-0,1104,877,1349,1951,
1715202060000,2024-05-08T21:01:00Z,288-1-1-0,1414,1029,917,1974,
1715202120000,2024-05-08T21:02:00Z,288-1-1-0,613,372,331,789,
1715202180000,2024-05-08T21:03:00Z,288-1-1-0,439,228,928,1051,
1715202240000,2024-05-08T21:04:00Z,288-1-1-0,82,572,1398,1512,
1715202300000,2024-05-08T21:05:00Z,288-1-1-0,1163,514,636,1421,
1715202360000,2024-05-08T21:06:00Z,288-1-1-0,340,488,1290,1420,
1715202420000,2024-05-08T21:07:00Z,288-1-1-0,279,117,522,603,
1715202480000,2024-05-08T21:08:00Z,288-1-1-0,121,19,23,124,
1715202540000,2024-05-08T21:09:00Z,288-1-1-0,2863,2849,2827,4930,
1715202600000,2024-05-08T21:10:00Z,288-1-1-0,2934,1952,2498,4319,
1715202660000,2024-05-08T21:11:00Z,288-1-1-0,640,524,1123,1394,
1715202720000,2024-05-08T21:12:00Z,288-1-1-0,2876,2635,2810,4807,
1715202780000,2024-05-08T21:13:00Z,288-1-1-0,3871,3243,3072,5910,
1715202840000,2024-05-08T21:14:00Z,288-1-1-0,2292,2028,2195,3766,
1715202900000,2024-05-08T21:15:00Z,288-1-1-0,,,,,device_not_worn_correctly
1715202960000,2024-05-08T21:16:00Z,288-1-1-0,3222,2696,3006,5165,
1715203020000,2024-05-08T21:17:00Z,288-1-1-0,5539,5217,4508,8844,
1715203080000,2024-05-08T21:18:00Z,288-1-1-0,524,722,991,1333,
1715203140000,2024-05-08T21:19:00Z,288-1-1-0,0,0,31,31,
1715203200000,2024-05-08T21:20:00Z,288-1-1-0,1760,925,1005,2227,
1715203260000,2024-05-08T21:21:00Z,288-1-1-0,2572,2470,1721,3959,
1715203320000,2024-05-08T21:22:00Z,288-1-1-0,718,619,660,1155,
1715203380000,2024-05-08T21:23:00Z,288-1-1-0,683,493,906,1237,
1715203440000,2024-05-08T21:24:00Z,288-1-1-0,1766,1953,2323,3511,
1715203500000,2024-05-08T21:25:00Z,288-1-1-0,2202,2542,2806,4379,
1715203560000,2024-05-08T21:26:00Z,288-1-1-0,2168,3359,3719,5460,
1715203620000,2024-05-08T21:27:00Z,288-1-1-0,2688,2877,2546,4688,
1715203680000,2024-05-08T21:28:00Z,288-1-1-0,645,776,813,1295,
1715203740000,2024-05-08T21:29:00Z,288-1-1-0,1884,1615,1429,2863,
1715203800000,2024-05-08T21:30:00Z,288-1-1-0,318,404,1168,1276,
1715203860000,2024-05-08T21:31:00Z,288-1-1-0,4547,4806,3802,7630,
1715203920000,2024-05-08T21:32:00Z,288-1-1-0,2890,2557,3061,4925,
1715203980000,2024-05-08T21:33:00Z,288-1-1-0,1450,1670,2670,3467,
1715204040000,2024-05-08T21:34:00Z,288-1-1-0,2669,2364,3426,4944,
1715204100000,2024-05-08T21:35:00Z,288-1-1-0,6089,5830,6046,10373,
1715204160000,2024-05-08T21:36:00Z,288-1-1-0,2621,2712,3714,5293,
1715204220000,2024-05-08T21:37:00Z,288-1-1-0,186,203,532,599,
1715204280000,2024-05-08T21:38:00Z,288-1-1-0,81,166,464,499,
1715204340000,2024-05-08T21:39:00Z,288-1-1-0,539,678,644,1079,
1715204400000,2024-05-08T21:40:00Z,288-1-1-0,0,0,0,0,
1715204460000,2024-05-08T21:41:00Z,288-1-1-0,0,0,0,0,
1715204520000,2024-05-08T21:42:00Z,288-1-1-0,0,0,0,0,
1715204580000,2024-05-08T21:43:00Z,288-1-1-0,117,217,514,570,
1715204640000,2024-05-08T21:44:00Z,288-1-1-0,0,0,0,0,
1715204700000,2024-05-08T21:45:00Z,288-1-1-0,1153,1191,1503,2237,
1715204760000,2024-05-08T21:46:00Z,288-1-1-0,72,99,363,383,
1715204820000,2024-05-08T21:47:00Z,288-1-1-0,1833,1941,1571,3097,
1715204880000,2024-05-08T21:48:00Z,288-1-1-0,,,,,device_not_worn_correctly
1715204940000,2024-05-08T21:49:00Z,288-1-1-0,,,,,device_not_worn_correctly
1715205000000,2024-05-08T21:50:00Z,288-1-1-0,,,,,device_not_worn_correctly
1715205060000,2024-05-08T21:51:00Z,288-1-1-0,,,,,device_not_worn_correctly
1715205120000,2024-05-08T21:52:00Z,288-1-1-0,,,,,device_not_worn_correctly
1715205180000,2024-05-08T21:53:00Z,288-1-1-0,,,,,device_not_worn_correctly
1715205240000,2024-05-08T21:54:00Z,288-1-1-0,3171,4092,6092,7994,
1715205300000,2024-05-08T21:55:00Z,288-1-1-0,6473,5912,6067,10661,
1715205360000,2024-05-08T21:56:00Z,288-1-1-0,1398,2130,2057,3274,
1715205420000,2024-05-08T21:57:00Z,288-1-1-0,1665,1445,931,2393,
1715205480000,2024-05-08T21:58:00Z,288-1-1-0,2833,2707,3517,5265,
1715205540000,2024-05-08T21:59:00Z,288-1-1-0,1692,2181,2368,3636,
1715205600000,2024-05-08T22:00:00Z,288-1-1-0,243,175,452,542,
1715205660000,2024-05-08T22:01:00Z,288-1-1-0,208,597,885,1087,
1715205720000,2024-05-08T22:02:00Z,288-1-1-0,2763,2520,3067,4836,
1715205780000,2024-05-08T22:03:00Z,288-1-1-0,747,509,990,1340,
1715205840000,2024-05-08T22:04:00Z,288-1-1-0,2117,1388,2273,3402,
1715205900000,2024-05-08T22:05:00Z,288-1-1-0,2806,1875,2355,4115,
1715205960000,2024-05-08T22:06:00Z,288-1-1-0,2177,1164,1609,2946,
1715206020000,2024-05-08T22:07:00Z,288-1-1-0,1720,1076,1745,2676,
1715206080000,2024-05-08T22:08:00Z,288-1-1-0,1873,1586,1266,2761,
1715206140000,2024-05-08T22:09:00Z,288-1-1-0,1061,1852,1526,2623,
1715206200000,2024-05-08T22:10:00Z,288-1-1-0,222,802,391,919,
1715206260000,2024-05-08T22:11:00Z,288-1-1-0,473,773,382,983,
1715206320000,2024-05-08T22:12:00Z,288-1-1-0,224,434,312,579,
1715206380000,2024-05-08T22:13:00Z,288-1-1-0,635,1367,1280,1977,
1715206440000,2024-05-08T22:14:00Z,288-1-1-0,587,837,936,1386,
1715206500000,2024-05-08T22:15:00Z,288-1-1-0,220,812,517,987,
1715206560000,2024-05-08T22:16:00Z,288-1-1-0,92,231,399,470,
1715206620000,2024-05-08T22:17:00Z,288-1-1-0,369,713,1146,1399,
1715206680000,2024-05-08T22:18:00Z,288-1-1-0,524,1247,1605,2098,
1715206740000,2024-05-08T22:19:00Z,288-1-1-0,0,0,0,0,
1715206800000,2024-05-08T22:20:00Z,288-1-1-0,278,868,1173,1485,
1715206860000,2024-05-08T22:21:00Z,288-1-1-0,295,1096,1596,1958,
1715206920000,2024-05-08T22:22:00Z,288-1-1-0,18,560,1107,1240,
1715206980000,2024-05-08T22:23:00Z,288-1-1-0,373,516,373,737,
1715207040000,2024-05-08T22:24:00Z,288-1-1-0,34,251,317,405,
1715207100000,2024-05-08T22:25:00Z,288-1-1-0,528,625,409,914,
1715207160000,2024-05-08T22:26:00Z,288-1-1-0,644,1103,1455,1936,
1715207220000,2024-05-08T22:27:00Z,288-1-1-0,2044,1864,1678,3235,
1715207280000,2024-05-08T22:28:00Z,288-1-1-0,1706,1709,1605,2899,
1715207340000,2024-05-08T22:29:00Z,288-1-1-0,2088,2153,2615,3979,
1715207400000,2024-05-08T22:30:00Z,288-1-1-0,599,617,884,1233,
1715207460000,2024-05-08T22:31:00Z,288-1-1-0,256,473,602,807,
1715207520000,2024-05-08T22:32:00Z,288-1-1-0,278,367,269,533,
1715207580000,2024-05-08T22:33:00Z,288-1-1-0,423,427,830,1024,
1715207640000,2024-05-08T22:34:00Z,288-1-1-0,3401,2065,2550,4725,
1715207700000,2024-05-08T22:35:00Z,288-1-1-0,244,222,773,840,
1715207760000,2024-05-08T22:36:00Z,288-1-1-0,126,219,57,259,
1715207820000,2024-05-08T22:37:00Z,288-1-1-0,538,480,927,1174,
1715207880000,2024-05-08T22:38:00Z,288-1-1-0,617,879,1490,1836,
1715207940000,2024-05-08T22:39:00Z,288-1-1-0,3859,4332,4194,7158,
1715208000000,2024-05-08T22:40:00Z,288-1-1-0,2346,2829,2817,4630,
1715208060000,2024-05-08T22:41:00Z,288-1-1-0,865,1103,484,1482,
1715208120000,2024-05-08T22:42:00Z,288-1-1-0,1959,1987,1917,3385,
1715208180000,2024-05-08T22:43:00Z,288-1-1-0,531,847,595,1163,
1715208240000,2024-05-08T22:44:00Z,288-1-1-0,475,1005,569,1248,
1715208300000,2024-05-08T22:45:00Z,288-1-1-0,304,420,370,636,
1715208360000,2024-05-08T22:46:00Z,288-1-1-0,137,294,116,344,
1715208420000,2024-05-08T22:47:00Z,288-1-1-0,160,1225,724,1431,
1715208480000,2024-05-08T22:48:00Z,288-1-1-0,32,796,527,955,
1715208540000,2024-05-08T22:49:00Z,288-1-1-0,1481,1737,1067,2519,
1715208600000,2024-05-08T22:50:00Z,288-1-1-0,587,895,510,1185,
1715208660000,2024-05-08T22:51:00Z,288-1-1-0,409,803,1123,1439,
1715208720000,2024-05-08T22:52:00Z,288-1-1-0,0,116,39,122,
1715208780000,2024-05-08T22:53:00Z,288-1-1-0,1313,1815,1380,2631,
1715208840000,2024-05-08T22:54:00Z,288-1-1-0,752,1671,1265,2226,
1715208900000,2024-05-08T22:55:00Z,288-1-1-0,0,201,0,201,
1715208960000,2024-05-08T22:56:00Z,288-1-1-0,1917,1729,2651,3700,
1715209020000,2024-05-08T22:57:00Z,288-1-1-0,1568,1590,1291,2579,
1715209080000,2024-05-08T22:58:00Z,288-1-1-0,0,2,0,2,
1715209140000,2024-05-08T22:59:00Z,288-1-1-0,151,670,316,756,
1715209200000,2024-05-08T23:00:00Z,288-1-1-0,678,869,485,1204,
1715209260000,2024-05-08T23:01:00Z,288-1-1-0,2656,1870,2509,4104,
1715209320000,2024-05-08T23:02:00Z,288-1-1-0,1220,1349,1880,2615,
1715209380000,2024-05-08T23:03:00Z,288-1-1-0,2236,2654,2739,4421,
1715209440000,2024-05-08T23:04:00Z,288-1-1-0,457,797,1338,1623,
1715209500000,2024-05-08T23:05:00Z,288-1-1-0,687,1022,1105,1654,
1715209560000,2024-05-08T23:06:00Z,288-1-1-0,1551,2316,2318,3625,
1715209620000,2024-05-08T23:07:00Z,288-1-1-0,1605,1524,1671,2773,
1715209680000,2024-05-08T23:08:00Z,288-1-1-0,1918,1575,1519,2909,
1715209740000,2024-05-08T23:09:00Z,288-1-1-0,258,342,351,553,
1715209800000,2024-05-08T23:10:00Z,288-1-1-0,1558,1369,1770,2726,
1715209860000,2024-05-08T23:11:00Z,288-1-1-0,212,493,434,690,
1715209920000,2024-05-08T23:12:00Z,288-1-1-0,1190,1110,1315,2092,
1715209980000,2024-05-08T23:13:00Z,288-1-1-0,1469,644,722,1758,
1715210040000,2024-05-08T23:14:00Z,288-1-1-0,127,286,191,366,
1715210100000,2024-05-08T23:15:00Z,288-1-1-0,391,622,347,812,
1715210160000,2024-05-08T23:16:00Z,288-1-1-0,983,1863,1144,2397,
1715210220000,2024-05-08T23:17:00Z,288-1-1-0,1328,1646,2125,2998,
1715210280000,2024-05-08T23:18:00Z,288-1-1-0,609,429,612,964,
1715210340000,2024-05-08T23:19:00Z,288-1-1-0,591,679,1021,1361,
1715210400000,2024-05-08T23:20:00Z,288-1-1-0,841,1152,2232,2648,
1715210460000,2024-05-08T23:21:00Z,288-1-1-0,357,580,1405,1561,
1715210520000,2024-05-08T23:22:00Z,288-1-1-0,1457,1385,2174,2960,
1715210580000,2024-05-08T23:23:00Z,288-1-1-0,262,215,529,628,
1715210640000,2024-05-08T23:24:00Z,288-1-1-0,290,428,386,645,
1715210700000,2024-05-08T23:25:00Z,288-1-1-0,81,332,134,367,
1715210760000,2024-05-08T23:26:00Z,288-1-1-0,728,804,1616,1946,
1715210820000,2024-05-08T23:27:00Z,288-1-1-0,1915,2082,2137,3545,
1715210880000,2024-05-08T23:28:00Z,288-1-1-0,59,426,85,438,
1715210940000,2024-05-08T23:29:00Z,288-1-1-0,395,1840,336,1911,
1715211000000,2024-05-08T23:30:00Z,288-1-1-0,75,252,131,293,
1715211060000,2024-05-08T23:31:00Z,288-1-1-0,0,0,0,0,
1715211120000,2024-05-08T23:32:00Z,288-1-1-0,302,1678,491,1774,
1715211180000,2024-05-08T23:33:00Z,288-1-1-0,144,861,764,1160,
1715211240000,2024-05-08T23:34:00Z,288-1-1-0,0,145,24,146,
1715211300000,2024-05-08T23:35:00Z,288-1-1-0,71,452,131,475,
1715211360000,2024-05-08T23:36:00Z,288-1-1-0,188,370,341,537,
1715211420000,2024-05-08T23:37:00Z,288-1-1-0,0,0,0,0,
1715211480000,2024-05-08T23:38:00Z,288-1-1-0,50,38,4,62,
1715211540000,2024-05-08T23:39:00Z,288-1-1-0,206,428,461,661,
1715211600000,2024-05-08T23:40:00Z,288-1-1-0,0,0,0,0,
1715211660000,2024-05-08T23:41:00Z,288-1-1-0,0,0,0,0,
1715211720000,2024-05-08T23:42:00Z,288-1-1-0,0,0,0,0,
1715211780000,2024-05-08T23:43:00Z,288-1-1-0,0,0,0,0,
1715211840000,2024-05-08T23:44:00Z,288-1-1-0,0,0,0,0,
1715211900000,2024-05-08T23:45:00Z,288-1-1-0,0,0,0,0,
1715211960000,2024-05-08T23:46:00Z,288-1-1-0,0,0,0,0,
1715212020000,2024-05-08T23:47:00Z,288-1-1-0,0,0,0,0,
1715212080000,2024-05-08T23:48:00Z,288-1-1-0,0,0,0,0,
1715212140000,2024-05-08T23:49:00Z,288-1-1-0,0,0,0,0,
1715212200000,2024-05-08T23:50:00Z,288-1-1-0,0,0,0,0,
1715212260000,2024-05-08T23:51:00Z,288-1-1-0,0,0,0,0,
1715212320000,2024-05-08T23:52:00Z,288-1-1-0,0,0,0,0,
1715212380000,2024-05-08T23:53:00Z,288-1-1-0,0,0,0,0,
1715212440000,2024-05-08T23:54:00Z,288-1-1-0,0,20,0,20,
1715212500000,2024-05-08T23:55:00Z,288-1-1-0,0,20,0,20,
1715212560000,2024-05-08T23:56:00Z,288-1-1-0,0,0,0,0,
1715212620000,2024-05-08T23:57:00Z,288-1-1-0,0,0,0,0,
1715212680000,2024-05-08T23:58:00Z,288-1-1-0,0,0,0,0,
1715212740000,2024-05-08T23:59:00Z,288-1-1-0,0,37,7,37,
